0   4 0.008234217749313814 0 0.0008841732979664014 0 0.00078064012490242 0 0.001869158878504673
1 %  0 0.0009149130832570906 0 0.0008841732979664014 1 0.00234192037470726 0 0.001869158878504673
2 .  1 0.0027447392497712718 2 0.004420866489832007 2 0.0039032006245121 0 0.001869158878504673
3 .class  1 0.0027447392497712718 0 0.0008841732979664014 0 0.00078064012490242 0 0.001869158878504673
4 ?  3 0.006404391582799634 0 0.0008841732979664014 26 0.04137392661982826 0 0.001869158878504673
5 `  2 0.004574565416285453 0 0.0008841732979664014 0 0.00078064012490242 0 0.001869158878504673
6 a  6 0.011893870082342177 6 0.011494252873563218 8 0.01327088212334114 0 0.001869158878504673
7 about  0 0.0009149130832570906 1 0.002652519893899204 2 0.0039032006245121 0 0.001869158878504673
8 accept  0 0.0009149130832570906 1 0.002652519893899204 0 0.00078064012490242 0 0.001869158878504673
9 access  0 0.0009149130832570906 2 0.004420866489832007 0 0.00078064012490242 0 0.001869158878504673
10 activity  0 0.0009149130832570906 1 0.002652519893899204 0 0.00078064012490242 0 0.001869158878504673
11 actuator  1 0.0027447392497712718 0 0.0008841732979664014 0 0.00078064012490242 0 0.001869158878504673
12 addresses  0 0.0009149130832570906 1 0.002652519893899204 0 0.00078064012490242 0 0.001869158878504673
13 adds  0 0.0009149130832570906 1 0.002652519893899204 0 0.00078064012490242 0 0.001869158878504673
14 advise  0 0.0009149130832570906 0 0.0008841732979664014 1 0.00234192037470726 0 0.001869158878504673
15 again  0 0.0009149130832570906 0 0.0008841732979664014 1 0.00234192037470726 0 0.001869158878504673
16 agenices  0 0.0009149130832570906 0 0.0008841732979664014 1 0.00234192037470726 0 0.001869158878504673
17 aggregate  0 0.0009149130832570906 1 0.002652519893899204 0 0.00078064012490242 0 0.001869158878504673
18 ai  1 0.0027447392497712718 0 0.0008841732979664014 0 0.00078064012490242 0 0.001869158878504673
19 airbnb  1 0.0027447392497712718 0 0.0008841732979664014 0 0.00078064012490242 0 0.001869158878504673
20 airport  1 0.0027447392497712718 0 0.0008841732979664014 0 0.00078064012490242 0 0.001869158878504673
21 alexa  1 0.0027447392497712718 1 0.002652519893899204 0 0.00078064012490242 0 0.001869158878504673
22 almost  1 0.0027447392497712718 0 0.0008841732979664014 0 0.00078064012490242 0 0.001869158878504673
23 am  1 0.0027447392497712718 0 0.0008841732979664014 0 0.00078064012490242 0 0.001869158878504673
24 amazon  1 0.0027447392497712718 0 0.0008841732979664014 0 0.00078064012490242 0 0.001869158878504673
25 amicus  1 0.0027447392497712718 0 0.0008841732979664014 0 0.00078064012490242 0 0.001869158878504673
26 among  0 0.0009149130832570906 0 0.0008841732979664014 1 0.00234192037470726 0 0.001869158878504673
27 an  4 0.008234217749313814 0 0.0008841732979664014 0 0.00078064012490242 0 0.001869158878504673
28 and  6 0.011893870082342177 5 0.009725906277630416 3 0.00546448087431694 0 0.001869158878504673
29 any  0 0.0009149130832570906 1 0.002652519893899204 0 0.00078064012490242 0 0.001869158878504673
30 anything  1 0.0027447392497712718 0 0.0008841732979664014 0 0.00078064012490242 0 0.001869158878504673
31 api  0 0.0009149130832570906 2 0.004420866489832007 1 0.00234192037470726 0 0.001869158878504673
32 apollo  0 0.0009149130832570906 1 0.002652519893899204 0 0.00078064012490242 0 0.001869158878504673
33 app  1 0.0027447392497712718 0 0.0008841732979664014 0 0.00078064012490242 0 0.001869158878504673
34 apps  0 0.0009149130832570906 1 0.002652519893899204 0 0.00078064012490242 0 0.001869158878504673
35 arbitrage  0 0.0009149130832570906 1 0.002652519893899204 0 0.00078064012490242 0 0.001869158878504673
36 are  1 0.0027447392497712718 0 0.0008841732979664014 3 0.00546448087431694 0 0.001869158878504673
37 area  0 0.0009149130832570906 0 0.0008841732979664014 1 0.00234192037470726 0 0.001869158878504673
38 arista  1 0.0027447392497712718 0 0.0008841732979664014 0 0.00078064012490242 0 0.001869158878504673
39 around  1 0.0027447392497712718 0 0.0008841732979664014 0 0.00078064012490242 0 0.001869158878504673
40 as  0 0.0009149130832570906 0 0.0008841732979664014 1 0.00234192037470726 0 0.001869158878504673
41 ask  0 0.0009149130832570906 1 0.002652519893899204 33 0.05230288836846214 0 0.001869158878504673
42 assistant  1 0.0027447392497712718 0 0.0008841732979664014 0 0.00078064012490242 0 0.001869158878504673
43 asteroid  1 0.0027447392497712718 0 0.0008841732979664014 0 0.00078064012490242 0 0.001869158878504673
44 attack  0 0.0009149130832570906 0 0.0008841732979664014 1 0.00234192037470726 0 0.001869158878504673
45 attract  1 0.0027447392497712718 0 0.0008841732979664014 0 0.00078064012490242 0 0.001869158878504673
46 author  0 0.0009149130832570906 0 0.0008841732979664014 1 0.00234192037470726 0 0.001869158878504673
47 aws  2 0.004574565416285453 0 0.0008841732979664014 1 0.00234192037470726 0 0.001869158878504673
48 bait  0 0.0009149130832570906 0 0.0008841732979664014 1 0.00234192037470726 0 0.001869158878504673
49 bare  0 0.0009149130832570906 1 0.002652519893899204 0 0.00078064012490242 0 0.001869158878504673
50 bars  1 0.0027447392497712718 0 0.0008841732979664014 0 0.00078064012490242 0 0.001869158878504673
51 based  0 0.0009149130832570906 1 0.002652519893899204 0 0.00078064012490242 0 0.001869158878504673
52 bash  1 0.0027447392497712718 0 0.0008841732979664014 0 0.00078064012490242 0 0.001869158878504673
53 battleships  0 0.0009149130832570906 1 0.002652519893899204 0 0.00078064012490242 0 0.001869158878504673
54 battling  0 0.0009149130832570906 1 0.002652519893899204 0 0.00078064012490242 0 0.001869158878504673
55 bay  0 0.0009149130832570906 0 0.0008841732979664014 1 0.00234192037470726 0 0.001869158878504673
56 be  1 0.0027447392497712718 0 0.0008841732979664014 0 0.00078064012490242 0 0.001869158878504673
57 beat  1 0.0027447392497712718 0 0.0008841732979664014 0 0.00078064012490242 0 0.001869158878504673
58 become  0 0.0009149130832570906 0 0.0008841732979664014 1 0.00234192037470726 0 0.001869158878504673
59 better  0 0.0009149130832570906 2 0.004420866489832007 0 0.00078064012490242 0 0.001869158878504673
60 bias  2 0.004574565416285453 0 0.0008841732979664014 0 0.00078064012490242 0 0.001869158878504673
61 bitcoin  1 0.0027447392497712718 1 0.002652519893899204 1 0.00234192037470726 0 0.001869158878504673
62 blockchain  0 0.0009149130832570906 2 0.004420866489832007 0 0.00078064012490242 0 0.001869158878504673
63 blog  1 0.0027447392497712718 0 0.0008841732979664014 0 0.00078064012490242 0 0.001869158878504673
64 bloggers  0 0.0009149130832570906 0 0.0008841732979664014 1 0.00234192037470726 0 0.001869158878504673
65 boogaloo  1 0.0027447392497712718 0 0.0008841732979664014 0 0.00078064012490242 0 0.001869158878504673
66 book  0 0.0009149130832570906 0 0.0008841732979664014 1 0.00234192037470726 0 0.001869158878504673
67 bootcamp  0 0.0009149130832570906 1 0.002652519893899204 0 0.00078064012490242 0 0.001869158878504673
68 boxy  0 0.0009149130832570906 1 0.002652519893899204 0 0.00078064012490242 0 0.001869158878504673
69 brainfuck  0 0.0009149130832570906 1 0.002652519893899204 0 0.00078064012490242 0 0.001869158878504673
70 brainfucky  0 0.0009149130832570906 1 0.002652519893899204 0 0.00078064012490242 0 0.001869158878504673
71 breakthrough  1 0.0027447392497712718 0 0.0008841732979664014 0 0.00078064012490242 0 0.001869158878504673
72 brief  1 0.0027447392497712718 0 0.0008841732979664014 0 0.00078064012490242 0 0.001869158878504673
73 build  1 0.0027447392497712718 0 0.0008841732979664014 0 0.00078064012490242 0 0.001869158878504673
74 building  1 0.0027447392497712718 1 0.002652519893899204 0 0.00078064012490242 0 0.001869158878504673
75 built  0 0.0009149130832570906 1 0.002652519893899204 0 0.00078064012490242 0 0.001869158878504673
76 by  2 0.004574565416285453 0 0.0008841732979664014 1 0.00234192037470726 0 0.001869158878504673
77 ca  0 0.0009149130832570906 0 0.0008841732979664014 1 0.00234192037470726 0 0.001869158878504673
78 came  1 0.0027447392497712718 0 0.0008841732979664014 0 0.00078064012490242 0 0.001869158878504673
79 camera  0 0.0009149130832570906 1 0.002652519893899204 0 0.00078064012490242 0 0.001869158878504673
80 can  1 0.0027447392497712718 0 0.0008841732979664014 4 0.00702576112412178 0 0.001869158878504673
81 captcha  0 0.0009149130832570906 0 0.0008841732979664014 1 0.00234192037470726 0 0.001869158878504673
82 car  1 0.0027447392497712718 0 0.0008841732979664014 0 0.00078064012490242 0 0.001869158878504673
83 change  1 0.0027447392497712718 0 0.0008841732979664014 0 0.00078064012490242 0 0.001869158878504673
84 changer  1 0.0027447392497712718 0 0.0008841732979664014 0 0.00078064012490242 0 0.001869158878504673
85 changing  0 0.0009149130832570906 0 0.0008841732979664014 1 0.00234192037470726 0 0.001869158878504673
86 chat  0 0.0009149130832570906 2 0.004420866489832007 0 0.00078064012490242 0 0.001869158878504673
87 chicken  1 0.0027447392497712718 0 0.0008841732979664014 0 0.00078064012490242 0 0.001869158878504673
88 cisco  1 0.0027447392497712718 0 0.0008841732979664014 0 0.00078064012490242 0 0.001869158878504673
89 cli  0 0.0009149130832570906 1 0.002652519893899204 0 0.00078064012490242 0 0.001869158878504673
90 click  0 0.0009149130832570906 0 0.0008841732979664014 1 0.00234192037470726 0 0.001869158878504673
91 client  0 0.0009149130832570906 2 0.004420866489832007 0 0.00078064012490242 0 0.001869158878504673
92 clients  0 0.0009149130832570906 0 0.0008841732979664014 1 0.00234192037470726 0 0.001869158878504673
93 code  0 0.0009149130832570906 0 0.0008841732979664014 1 0.00234192037470726 0 0.001869158878504673
94 communities  0 0.0009149130832570906 0 0.0008841732979664014 1 0.00234192037470726 0 0.001869158878504673
95 community  1 0.0027447392497712718 0 0.0008841732979664014 0 0.00078064012490242 0 0.001869158878504673
96 companion  0 0.0009149130832570906 1 0.002652519893899204 0 0.00078064012490242 0 0.001869158878504673
97 company  0 0.0009149130832570906 0 0.0008841732979664014 1 0.00234192037470726 0 0.001869158878504673
98 compiled  1 0.0027447392497712718 0 0.0008841732979664014 0 0.00078064012490242 0 0.001869158878504673
99 component  0 0.0009149130832570906 1 0.002652519893899204 0 0.00078064012490242 0 0.001869158878504673
100 computer  1 0.0027447392497712718 0 0.0008841732979664014 1 0.00234192037470726 0 0.001869158878504673
101 connect  0 0.0009149130832570906 1 0.002652519893899204 0 0.00078064012490242 0 0.001869158878504673
102 conservancy  1 0.0027447392497712718 0 0.0008841732979664014 0 0.00078064012490242 0 0.001869158878504673
103 consider  0 0.0009149130832570906 0 0.0008841732979664014 1 0.00234192037470726 0 0.001869158878504673
104 contributors  1 0.0027447392497712718 0 0.0008841732979664014 0 0.00078064012490242 0 0.001869158878504673
105 could  2 0.004574565416285453 0 0.0008841732979664014 0 0.00078064012490242 0 0.001869158878504673
106 cover  0 0.0009149130832570906 0 0.0008841732979664014 1 0.00234192037470726 0 0.001869158878504673
107 cqrs  1 0.0027447392497712718 0 0.0008841732979664014 0 0.00078064012490242 0 0.001869158878504673
108 crypto  0 0.0009149130832570906 1 0.002652519893899204 0 0.00078064012490242 0 0.001869158878504673
109 cryptocurrencies  1 0.0027447392497712718 0 0.0008841732979664014 0 0.00078064012490242 0 0.001869158878504673
110 cryptocurrency  0 0.0009149130832570906 1 0.002652519893899204 0 0.00078064012490242 0 0.001869158878504673
111 css  1 0.0027447392497712718 2 0.004420866489832007 1 0.00234192037470726 0 0.001869158878504673
112 curves/bitcoin  0 0.0009149130832570906 1 0.002652519893899204 0 0.00078064012490242 0 0.001869158878504673
113 data  0 0.0009149130832570906 3 0.00618921308576481 1 0.00234192037470726 0 0.001869158878504673
114 database  0 0.0009149130832570906 0 0.0008841732979664014 2 0.0039032006245121 0 0.001869158878504673
115 date  0 0.0009149130832570906 1 0.002652519893899204 0 0.00078064012490242 0 0.001869158878504673
116 dateomatic  0 0.0009149130832570906 1 0.002652519893899204 0 0.00078064012490242 0 0.001869158878504673
117 days  1 0.0027447392497712718 0 0.0008841732979664014 0 0.00078064012490242 0 0.001869158878504673
118 dc  1 0.0027447392497712718 0 0.0008841732979664014 0 0.00078064012490242 0 0.001869158878504673
119 debate  1 0.0027447392497712718 0 0.0008841732979664014 0 0.00078064012490242 0 0.001869158878504673
120 december  1 0.0027447392497712718 0 0.0008841732979664014 0 0.00078064012490242 0 0.001869158878504673
121 decentralized  0 0.0009149130832570906 3 0.00618921308576481 0 0.00078064012490242 0 0.001869158878504673
122 deliveries  1 0.0027447392497712718 0 0.0008841732979664014 0 0.00078064012490242 0 0.001869158878504673
123 deploying  0 0.0009149130832570906 0 0.0008841732979664014 1 0.00234192037470726 0 0.001869158878504673
124 designers  0 0.0009149130832570906 1 0.002652519893899204 0 0.00078064012490242 0 0.001869158878504673
125 desktop  1 0.0027447392497712718 1 0.002652519893899204 0 0.00078064012490242 0 0.001869158878504673
126 determine  0 0.0009149130832570906 0 0.0008841732979664014 1 0.00234192037470726 0 0.001869158878504673
127 developing  1 0.0027447392497712718 0 0.0008841732979664014 0 0.00078064012490242 0 0.001869158878504673
128 did  1 0.0027447392497712718 0 0.0008841732979664014 0 0.00078064012490242 0 0.001869158878504673
129 digital  2 0.004574565416285453 0 0.0008841732979664014 0 0.00078064012490242 0 0.001869158878504673
130 dinner  1 0.0027447392497712718 0 0.0008841732979664014 0 0.00078064012490242 0 0.001869158878504673
131 dino  0 0.0009149130832570906 1 0.002652519893899204 0 0.00078064012490242 0 0.001869158878504673
132 discover  0 0.0009149130832570906 1 0.002652519893899204 0 0.00078064012490242 0 0.001869158878504673
133 discuss  0 0.0009149130832570906 0 0.0008841732979664014 1 0.00234192037470726 0 0.001869158878504673
134 display  1 0.0027447392497712718 0 0.0008841732979664014 0 0.00078064012490242 0 0.001869158878504673
135 do  0 0.0009149130832570906 0 0.0008841732979664014 11 0.01795472287275566 0 0.001869158878504673
136 docs  0 0.0009149130832570906 1 0.002652519893899204 0 0.00078064012490242 0 0.001869158878504673
137 does  0 0.0009149130832570906 0 0.0008841732979664014 1 0.00234192037470726 0 0.001869158878504673
138 download  1 0.0027447392497712718 0 0.0008841732979664014 0 0.00078064012490242 0 0.001869158878504673
139 dozens  0 0.0009149130832570906 0 0.0008841732979664014 1 0.00234192037470726 0 0.001869158878504673
140 driven  1 0.0027447392497712718 0 0.0008841732979664014 0 0.00078064012490242 0 0.001869158878504673
141 drug  0 0.0009149130832570906 0 0.0008841732979664014 1 0.00234192037470726 0 0.001869158878504673
142 dynamic  0 0.0009149130832570906 1 0.002652519893899204 0 0.00078064012490242 0 0.001869158878504673
143 editor  0 0.0009149130832570906 1 0.002652519893899204 0 0.00078064012490242 0 0.001869158878504673
144 editors  1 0.0027447392497712718 0 0.0008841732979664014 0 0.00078064012490242 0 0.001869158878504673
145 egg  1 0.0027447392497712718 0 0.0008841732979664014 0 0.00078064012490242 0 0.001869158878504673
146 else  0 0.0009149130832570906 0 0.0008841732979664014 1 0.00234192037470726 0 0.001869158878504673
147 email  0 0.0009149130832570906 1 0.002652519893899204 0 0.00078064012490242 0 0.001869158878504673
148 embarassing  0 0.0009149130832570906 1 0.002652519893899204 0 0.00078064012490242 0 0.001869158878504673
149 embody  1 0.0027447392497712718 0 0.0008841732979664014 0 0.00078064012490242 0 0.001869158878504673
150 eng  0 0.0009149130832570906 0 0.0008841732979664014 1 0.00234192037470726 0 0.001869158878504673
151 engineer  0 0.0009149130832570906 0 0.0008841732979664014 1 0.00234192037470726 0 0.001869158878504673
152 enlarge  0 0.0009149130832570906 1 0.002652519893899204 0 0.00078064012490242 0 0.001869158878504673
153 etherbots  0 0.0009149130832570906 1 0.002652519893899204 0 0.00078064012490242 0 0.001869158878504673
154 ethereum  1 0.0027447392497712718 2 0.004420866489832007 0 0.00078064012490242 0 0.001869158878504673
155 evaluation  0 0.0009149130832570906 1 0.002652519893899204 0 0.00078064012490242 0 0.001869158878504673
156 ever  0 0.0009149130832570906 0 0.0008841732979664014 1 0.00234192037470726 0 0.001869158878504673
157 ewan  0 0.0009149130832570906 0 0.0008841732979664014 0 0.00078064012490242 3 0.013084112149532711
158 feedback  1 0.0027447392497712718 0 0.0008841732979664014 0 0.00078064012490242 0 0.001869158878504673
159 feeling  0 0.0009149130832570906 0 0.0008841732979664014 1 0.00234192037470726 0 0.001869158878504673
160 field  0 0.0009149130832570906 0 0.0008841732979664014 1 0.00234192037470726 0 0.001869158878504673
161 file  1 0.0027447392497712718 0 0.0008841732979664014 0 0.00078064012490242 0 0.001869158878504673
162 finally  1 0.0027447392497712718 0 0.0008841732979664014 0 0.00078064012490242 0 0.001869158878504673
163 finance  1 0.0027447392497712718 0 0.0008841732979664014 0 0.00078064012490242 0 0.001869158878504673
164 find  0 0.0009149130832570906 0 0.0008841732979664014 1 0.00234192037470726 0 0.001869158878504673
165 first  1 0.0027447392497712718 0 0.0008841732979664014 0 0.00078064012490242 0 0.001869158878504673
166 fishing  1 0.0027447392497712718 0 0.0008841732979664014 0 0.00078064012490242 0 0.001869158878504673
167 flexe  1 0.0027447392497712718 0 0.0008841732979664014 0 0.00078064012490242 0 0.001869158878504673
168 for  6 0.011893870082342177 5 0.009725906277630416 5 0.00858704137392662 0 0.001869158878504673
169 form  0 0.0009149130832570906 0 0.0008841732979664014 1 0.00234192037470726 0 0.001869158878504673
170 foundation  1 0.0027447392497712718 0 0.0008841732979664014 0 0.00078064012490242 0 0.001869158878504673
171 framework  0 0.0009149130832570906 1 0.002652519893899204 0 0.00078064012490242 0 0.001869158878504673
172 frameworks  0 0.0009149130832570906 0 0.0008841732979664014 1 0.00234192037470726 0 0.001869158878504673
173 free  0 0.0009149130832570906 1 0.002652519893899204 1 0.00234192037470726 0 0.001869158878504673
174 friendly  0 0.0009149130832570906 1 0.002652519893899204 0 0.00078064012490242 0 0.001869158878504673
175 friends  0 0.0009149130832570906 0 0.0008841732979664014 1 0.00234192037470726 0 0.001869158878504673
176 from  0 0.0009149130832570906 2 0.004420866489832007 2 0.0039032006245121 0 0.001869158878504673
177 function  1 0.0027447392497712718 1 0.002652519893899204 0 0.00078064012490242 0 0.001869158878504673
178 fund  1 0.0027447392497712718 0 0.0008841732979664014 0 0.00078064012490242 0 0.001869158878504673
179 future  0 0.0009149130832570906 0 0.0008841732979664014 1 0.00234192037470726 0 0.001869158878504673
180 futures  1 0.0027447392497712718 0 0.0008841732979664014 0 0.00078064012490242 0 0.001869158878504673
181 game  1 0.0027447392497712718 1 0.002652519893899204 0 0.00078064012490242 0 0.001869158878504673
182 games  0 0.0009149130832570906 1 0.002652519893899204 0 0.00078064012490242 0 0.001869158878504673
183 gdax  0 0.0009149130832570906 1 0.002652519893899204 0 0.00078064012490242 0 0.001869158878504673
184 generator  0 0.0009149130832570906 1 0.002652519893899204 0 0.00078064012490242 0 0.001869158878504673
185 get  0 0.0009149130832570906 1 0.002652519893899204 0 0.00078064012490242 0 0.001869158878504673
186 github  0 0.0009149130832570906 1 0.002652519893899204 1 0.00234192037470726 0 0.001869158878504673
187 gitlab  0 0.0009149130832570906 0 0.0008841732979664014 1 0.00234192037470726 0 0.001869158878504673
188 goal  1 0.0027447392497712718 0 0.0008841732979664014 0 0.00078064012490242 0 0.001869158878504673
189 goes  1 0.0027447392497712718 0 0.0008841732979664014 0 0.00078064012490242 0 0.001869158878504673
190 good  0 0.0009149130832570906 0 0.0008841732979664014 1 0.00234192037470726 0 0.001869158878504673
191 google  2 0.004574565416285453 0 0.0008841732979664014 1 0.00234192037470726 0 0.001869158878504673
192 graph  0 0.0009149130832570906 0 0.0008841732979664014 1 0.00234192037470726 0 0.001869158878504673
193 graphics  1 0.0027447392497712718 0 0.0008841732979664014 0 0.00078064012490242 0 0.001869158878504673
194 graphql  0 0.0009149130832570906 1 0.002652519893899204 0 0.00078064012490242 0 0.001869158878504673
195 grids  0 0.0009149130832570906 1 0.002652519893899204 0 0.00078064012490242 0 0.001869158878504673
196 grow  0 0.0009149130832570906 0 0.0008841732979664014 1 0.00234192037470726 0 0.001869158878504673
197 guest  0 0.0009149130832570906 1 0.002652519893899204 0 0.00078064012490242 0 0.001869158878504673
198 hackers  1 0.0027447392497712718 0 0.0008841732979664014 0 0.00078064012490242 0 0.001869158878504673
199 handy  1 0.0027447392497712718 0 0.0008841732979664014 0 0.00078064012490242 0 0.001869158878504673
200 happen  1 0.0027447392497712718 0 0.0008841732979664014 0 0.00078064012490242 0 0.001869158878504673
201 hardware  0 0.0009149130832570906 0 0.0008841732979664014 1 0.00234192037470726 0 0.001869158878504673
202 hear  1 0.0027447392497712718 0 0.0008841732979664014 0 0.00078064012490242 0 0.001869158878504673
203 help  1 0.0027447392497712718 1 0.002652519893899204 1 0.00234192037470726 0 0.001869158878504673
204 hijacking  1 0.0027447392497712718 0 0.0008841732979664014 0 0.00078064012490242 0 0.001869158878504673
205 hire  0 0.0009149130832570906 0 0.0008841732979664014 1 0.00234192037470726 0 0.001869158878504673
206 historical  0 0.0009149130832570906 0 0.0008841732979664014 1 0.00234192037470726 0 0.001869158878504673
207 hn  0 0.0009149130832570906 33 0.0592396109637489 34 0.053864168618266976 0 0.001869158878504673
208 hooks  0 0.0009149130832570906 1 0.002652519893899204 0 0.00078064012490242 0 0.001869158878504673
209 how  2 0.004574565416285453 1 0.002652519893899204 12 0.0195160031225605 0 0.001869158878504673
210 html  0 0.0009149130832570906 1 0.002652519893899204 0 0.00078064012490242 0 0.001869158878504673
211 http  0 0.0009149130832570906 1 0.002652519893899204 0 0.00078064012490242 0 0.001869158878504673
212 human  1 0.0027447392497712718 0 0.0008841732979664014 0 0.00078064012490242 0 0.001869158878504673
213 hydrogen  1 0.0027447392497712718 0 0.0008841732979664014 0 0.00078064012490242 0 0.001869158878504673
214 hyperapp  0 0.0009149130832570906 1 0.002652519893899204 0 0.00078064012490242 0 0.001869158878504673
215 i  2 0.004574565416285453 1 0.002652519893899204 6 0.01014832162373146 0 0.001869158878504673
216 if  0 0.0009149130832570906 0 0.0008841732979664014 2 0.0039032006245121 0 0.001869158878504673
217 iii  1 0.0027447392497712718 0 0.0008841732979664014 0 0.00078064012490242 0 0.001869158878504673
218 image  0 0.0009149130832570906 1 0.002652519893899204 0 0.00078064012490242 0 0.001869158878504673
219 images  0 0.0009149130832570906 1 0.002652519893899204 0 0.00078064012490242 0 0.001869158878504673
220 implementation  0 0.0009149130832570906 1 0.002652519893899204 0 0.00078064012490242 0 0.001869158878504673
221 important  0 0.0009149130832570906 0 0.0008841732979664014 1 0.00234192037470726 0 0.001869158878504673
222 improve  0 0.0009149130832570906 0 0.0008841732979664014 1 0.00234192037470726 0 0.001869158878504673
223 in  5 0.010064043915827997 2 0.004420866489832007 4 0.00702576112412178 0 0.001869158878504673
224 including  0 0.0009149130832570906 0 0.0008841732979664014 1 0.00234192037470726 0 0.001869158878504673
225 india  1 0.0027447392497712718 0 0.0008841732979664014 0 0.00078064012490242 0 0.001869158878504673
226 information  0 0.0009149130832570906 0 0.0008841732979664014 1 0.00234192037470726 0 0.001869158878504673
227 insecure  0 0.0009149130832570906 0 0.0008841732979664014 1 0.00234192037470726 0 0.001869158878504673
228 install  1 0.0027447392497712718 0 0.0008841732979664014 0 0.00078064012490242 0 0.001869158878504673
229 interesting  0 0.0009149130832570906 0 0.0008841732979664014 1 0.00234192037470726 0 0.001869158878504673
230 interpreter  0 0.0009149130832570906 1 0.002652519893899204 0 0.00078064012490242 0 0.001869158878504673
231 intersection  1 0.0027447392497712718 0 0.0008841732979664014 0 0.00078064012490242 0 0.001869158878504673
232 interstellar  1 0.0027447392497712718 0 0.0008841732979664014 0 0.00078064012490242 0 0.001869158878504673
233 interviews  0 0.0009149130832570906 0 0.0008841732979664014 1 0.00234192037470726 0 0.001869158878504673
234 into  0 0.0009149130832570906 2 0.004420866489832007 0 0.00078064012490242 0 0.001869158878504673
235 introducing  1 0.0027447392497712718 1 0.002652519893899204 0 0.00078064012490242 0 0.001869158878504673
236 ios  0 0.0009149130832570906 2 0.004420866489832007 0 0.00078064012490242 0 0.001869158878504673
237 ip  0 0.0009149130832570906 0 0.0008841732979664014 1 0.00234192037470726 0 0.001869158878504673
238 ipfs  0 0.0009149130832570906 1 0.002652519893899204 0 0.00078064012490242 0 0.001869158878504673
239 is  3 0.006404391582799634 0 0.0008841732979664014 5 0.00858704137392662 0 0.001869158878504673
240 it  2 0.004574565416285453 0 0.0008841732979664014 3 0.00546448087431694 0 0.001869158878504673
241 its  1 0.0027447392497712718 0 0.0008841732979664014 1 0.00234192037470726 0 0.001869158878504673
242 javascript  0 0.0009149130832570906 2 0.004420866489832007 0 0.00078064012490242 0 0.001869158878504673
243 jdk  1 0.0027447392497712718 0 0.0008841732979664014 0 0.00078064012490242 0 0.001869158878504673
244 jobs  1 0.0027447392497712718 0 0.0008841732979664014 1 0.00234192037470726 0 0.001869158878504673
245 joins  1 0.0027447392497712718 0 0.0008841732979664014 0 0.00078064012490242 0 0.001869158878504673
246 js  0 0.0009149130832570906 1 0.002652519893899204 0 0.00078064012490242 0 0.001869158878504673
247 junior  0 0.0009149130832570906 0 0.0008841732979664014 1 0.00234192037470726 0 0.001869158878504673
248 kb  0 0.0009149130832570906 1 0.002652519893899204 0 0.00078064012490242 0 0.001869158878504673
249 kde  1 0.0027447392497712718 0 0.0008841732979664014 0 0.00078064012490242 0 0.001869158878504673
250 keep  0 0.0009149130832570906 0 0.0008841732979664014 1 0.00234192037470726 0 0.001869158878504673
251 keylogger  0 0.0009149130832570906 1 0.002652519893899204 0 0.00078064012490242 0 0.001869158878504673
252 keys  0 0.0009149130832570906 0 0.0008841732979664014 1 0.00234192037470726 0 0.001869158878504673
253 khz  0 0.0009149130832570906 0 0.0008841732979664014 1 0.00234192037470726 0 0.001869158878504673
254 know  0 0.0009149130832570906 0 0.0008841732979664014 1 0.00234192037470726 0 0.001869158878504673
255 kraken  0 0.0009149130832570906 1 0.002652519893899204 0 0.00078064012490242 0 0.001869158878504673
256 kubernetes  1 0.0027447392497712718 0 0.0008841732979664014 0 0.00078064012490242 0 0.001869158878504673
257 la  0 0.0009149130832570906 0 0.0008841732979664014 0 0.00078064012490242 3 0.013084112149532711
258 labeling  0 0.0009149130832570906 1 0.002652519893899204 0 0.00078064012490242 0 0.001869158878504673
259 lambda  1 0.0027447392497712718 0 0.0008841732979664014 0 0.00078064012490242 0 0.001869158878504673
260 laravel  1 0.0027447392497712718 0 0.0008841732979664014 0 0.00078064012490242 0 0.001869158878504673
261 layouts  0 0.0009149130832570906 1 0.002652519893899204 0 0.00078064012490242 0 0.001869158878504673
262 league  0 0.0009149130832570906 1 0.002652519893899204 0 0.00078064012490242 0 0.001869158878504673
263 learning  0 0.0009149130832570906 1 0.002652519893899204 0 0.00078064012490242 0 0.001869158878504673
264 learnt  1 0.0027447392497712718 0 0.0008841732979664014 0 0.00078064012490242 0 0.001869158878504673
265 least  0 0.0009149130832570906 0 0.0008841732979664014 1 0.00234192037470726 0 0.001869158878504673
266 legal  1 0.0027447392497712718 0 0.0008841732979664014 0 0.00078064012490242 0 0.001869158878504673
267 lending  0 0.0009149130832570906 1 0.002652519893899204 0 0.00078064012490242 0 0.001869158878504673
268 library  1 0.0027447392497712718 2 0.004420866489832007 1 0.00234192037470726 0 0.001869158878504673
269 like  0 0.0009149130832570906 0 0.0008841732979664014 1 0.00234192037470726 0 0.001869158878504673
270 likes  0 0.0009149130832570906 0 0.0008841732979664014 0 0.00078064012490242 1 0.005607476635514018
271 listing  0 0.0009149130832570906 1 0.002652519893899204 0 0.00078064012490242 0 0.001869158878504673
272 locationbased  0 0.0009149130832570906 1 0.002652519893899204 0 0.00078064012490242 0 0.001869158878504673
273 looking  0 0.0009149130832570906 0 0.0008841732979664014 1 0.00234192037470726 0 0.001869158878504673
274 losing  1 0.0027447392497712718 1 0.002652519893899204 0 0.00078064012490242 0 0.001869158878504673
275 love  1 0.0027447392497712718 0 0.0008841732979664014 0 0.00078064012490242 0 0.001869158878504673
276 low  0 0.0009149130832570906 0 0.0008841732979664014 1 0.00234192037470726 0 0.001869158878504673
277 lynch  1 0.0027447392497712718 0 0.0008841732979664014 0 0.00078064012490242 0 0.001869158878504673
278 m  0 0.0009149130832570906 0 0.0008841732979664014 1 0.00234192037470726 0 0.001869158878504673
279 machine  0 0.0009149130832570906 1 0.002652519893899204 0 0.00078064012490242 0 0.001869158878504673
280 manage  0 0.0009149130832570906 1 0.002652519893899204 1 0.00234192037470726 0 0.001869158878504673
281 manager  0 0.0009149130832570906 0 0.0008841732979664014 1 0.00234192037470726 0 0.001869158878504673
282 map  0 0.0009149130832570906 1 0.002652519893899204 0 0.00078064012490242 0 0.001869158878504673
283 marketers  0 0.0009149130832570906 1 0.002652519893899204 0 0.00078064012490242 0 0.001869158878504673
284 marketplaces  1 0.0027447392497712718 0 0.0008841732979664014 0 0.00078064012490242 0 0.001869158878504673
285 mass  1 0.0027447392497712718 0 0.0008841732979664014 0 0.00078064012490242 0 0.001869158878504673
286 me  0 0.0009149130832570906 0 0.0008841732979664014 1 0.00234192037470726 0 0.001869158878504673
287 media/individual  0 0.0009149130832570906 0 0.0008841732979664014 1 0.00234192037470726 0 0.001869158878504673
288 merrill  1 0.0027447392497712718 0 0.0008841732979664014 0 0.00078064012490242 0 0.001869158878504673
289 metal  0 0.0009149130832570906 1 0.002652519893899204 0 0.00078064012490242 0 0.001869158878504673
290 microservices  0 0.0009149130832570906 0 0.0008841732979664014 1 0.00234192037470726 0 0.001869158878504673
291 microwave  1 0.0027447392497712718 0 0.0008841732979664014 0 0.00078064012490242 0 0.001869158878504673
292 mind  1 0.0027447392497712718 0 0.0008841732979664014 0 0.00078064012490242 0 0.001869158878504673
293 mindless  0 0.0009149130832570906 1 0.002652519893899204 0 0.00078064012490242 0 0.001869158878504673
294 minister  1 0.0027447392497712718 0 0.0008841732979664014 0 0.00078064012490242 0 0.001869158878504673
295 minute  1 0.0027447392497712718 0 0.0008841732979664014 0 0.00078064012490242 0 0.001869158878504673
296 mirai  1 0.0027447392497712718 0 0.0008841732979664014 0 0.00078064012490242 0 0.001869158878504673
297 ml  0 0.0009149130832570906 0 0.0008841732979664014 1 0.00234192037470726 0 0.001869158878504673
298 mobile  1 0.0027447392497712718 0 0.0008841732979664014 0 0.00078064012490242 0 0.001869158878504673
299 mockttp  0 0.0009149130832570906 1 0.002652519893899204 0 0.00078064012490242 0 0.001869158878504673
300 modern  0 0.0009149130832570906 1 0.002652519893899204 0 0.00078064012490242 0 0.001869158878504673
301 most  0 0.0009149130832570906 0 0.0008841732979664014 1 0.00234192037470726 0 0.001869158878504673
302 much  0 0.0009149130832570906 0 0.0008841732979664014 1 0.00234192037470726 0 0.001869158878504673
303 multi  1 0.0027447392497712718 0 0.0008841732979664014 0 0.00078064012490242 0 0.001869158878504673
304 my  0 0.0009149130832570906 1 0.002652519893899204 3 0.00546448087431694 0 0.001869158878504673
305 myself  0 0.0009149130832570906 0 0.0008841732979664014 1 0.00234192037470726 0 0.001869158878504673
306 name  0 0.0009149130832570906 0 0.0008841732979664014 1 0.00234192037470726 0 0.001869158878504673
307 national  1 0.0027447392497712718 0 0.0008841732979664014 0 0.00078064012490242 0 0.001869158878504673
308 nearby  0 0.0009149130832570906 1 0.002652519893899204 0 0.00078064012490242 0 0.001869158878504673
309 need  0 0.0009149130832570906 0 0.0008841732979664014 1 0.00234192037470726 0 0.001869158878504673
310 new  3 0.006404391582799634 0 0.0008841732979664014 0 0.00078064012490242 0 0.001869158878504673
311 news  0 0.0009149130832570906 0 0.0008841732979664014 1 0.00234192037470726 0 0.001869158878504673
312 nobody  1 0.0027447392497712718 0 0.0008841732979664014 0 0.00078064012490242 0 0.001869158878504673
313 not  2 0.004574565416285453 0 0.0008841732979664014 0 0.00078064012490242 0 0.001869158878504673
314 now  1 0.0027447392497712718 0 0.0008841732979664014 0 0.00078064012490242 0 0.001869158878504673
315 npm  1 0.0027447392497712718 0 0.0008841732979664014 0 0.00078064012490242 0 0.001869158878504673
316 nt  0 0.0009149130832570906 0 0.0008841732979664014 1 0.00234192037470726 0 0.001869158878504673
317 observer  1 0.0027447392497712718 0 0.0008841732979664014 0 0.00078064012490242 0 0.001869158878504673
318 odd  0 0.0009149130832570906 0 0.0008841732979664014 1 0.00234192037470726 0 0.001869158878504673
319 of  4 0.008234217749313814 2 0.004420866489832007 4 0.00702576112412178 0 0.001869158878504673
320 old  0 0.0009149130832570906 0 0.0008841732979664014 1 0.00234192037470726 0 0.001869158878504673
321 on  1 0.0027447392497712718 4 0.007957559681697613 1 0.00234192037470726 0 0.001869158878504673
322 onboarding  1 0.0027447392497712718 0 0.0008841732979664014 0 0.00078064012490242 0 0.001869158878504673
323 online  1 0.0027447392497712718 0 0.0008841732979664014 0 0.00078064012490242 0 0.001869158878504673
324 only  1 0.0027447392497712718 0 0.0008841732979664014 0 0.00078064012490242 0 0.001869158878504673
325 oo  1 0.0027447392497712718 0 0.0008841732979664014 0 0.00078064012490242 0 0.001869158878504673
326 open  2 0.004574565416285453 0 0.0008841732979664014 0 0.00078064012490242 0 0.001869158878504673
327 openfaas  0 0.0009149130832570906 1 0.002652519893899204 0 0.00078064012490242 0 0.001869158878504673
328 or  0 0.0009149130832570906 0 0.0008841732979664014 1 0.00234192037470726 0 0.001869158878504673
329 os  0 0.0009149130832570906 1 0.002652519893899204 0 0.00078064012490242 0 0.001869158878504673
330 oumuamua  1 0.0027447392497712718 0 0.0008841732979664014 0 0.00078064012490242 0 0.001869158878504673
331 our  1 0.0027447392497712718 0 0.0008841732979664014 0 0.00078064012490242 0 0.001869158878504673
332 outdoors/in  0 0.0009149130832570906 0 0.0008841732979664014 1 0.00234192037470726 0 0.001869158878504673
333 over  0 0.0009149130832570906 1 0.002652519893899204 0 0.00078064012490242 0 0.001869158878504673
334 packer  0 0.0009149130832570906 1 0.002652519893899204 0 0.00078064012490242 0 0.001869158878504673
335 pacoin  0 0.0009149130832570906 0 0.0008841732979664014 1 0.00234192037470726 0 0.001869158878504673
336 painting  1 0.0027447392497712718 0 0.0008841732979664014 0 0.00078064012490242 0 0.001869158878504673
337 part  1 0.0027447392497712718 0 0.0008841732979664014 0 0.00078064012490242 0 0.001869158878504673
338 patents  1 0.0027447392497712718 0 0.0008841732979664014 0 0.00078064012490242 0 0.001869158878504673
339 path  1 0.0027447392497712718 0 0.0008841732979664014 0 0.00078064012490242 0 0.001869158878504673
340 pay  0 0.0009149130832570906 0 0.0008841732979664014 1 0.00234192037470726 0 0.001869158878504673
341 payments  0 0.0009149130832570906 1 0.002652519893899204 0 0.00078064012490242 0 0.001869158878504673
342 pdf  1 0.0027447392497712718 1 0.002652519893899204 0 0.00078064012490242 0 0.001869158878504673
343 peertopeer  1 0.0027447392497712718 0 0.0008841732979664014 0 0.00078064012490242 0 0.001869158878504673
344 performance  1 0.0027447392497712718 0 0.0008841732979664014 0 0.00078064012490242 0 0.001869158878504673
345 places  0 0.0009149130832570906 1 0.002652519893899204 0 0.00078064012490242 0 0.001869158878504673
346 planet  0 0.0009149130832570906 1 0.002652519893899204 0 0.00078064012490242 0 0.001869158878504673
347 plans  1 0.0027447392497712718 0 0.0008841732979664014 0 0.00078064012490242 0 0.001869158878504673
348 playcryptogame  0 0.0009149130832570906 1 0.002652519893899204 0 0.00078064012490242 0 0.001869158878504673
349 please  0 0.0009149130832570906 0 0.0008841732979664014 1 0.00234192037470726 0 0.001869158878504673
350 podcast  0 0.0009149130832570906 1 0.002652519893899204 0 0.00078064012490242 0 0.001869158878504673
351 podfio  0 0.0009149130832570906 1 0.002652519893899204 0 0.00078064012490242 0 0.001869158878504673
352 poll  0 0.0009149130832570906 0 0.0008841732979664014 0 0.00078064012490242 3 0.013084112149532711
353 pooing  0 0.0009149130832570906 0 0.0008841732979664014 0 0.00078064012490242 1 0.005607476635514018
354 possible  1 0.0027447392497712718 0 0.0008841732979664014 0 0.00078064012490242 0 0.001869158878504673
355 post  0 0.0009149130832570906 1 0.002652519893899204 0 0.00078064012490242 0 0.001869158878504673
356 powerfour  0 0.0009149130832570906 1 0.002652519893899204 0 0.00078064012490242 0 0.001869158878504673
357 powerful  0 0.0009149130832570906 1 0.002652519893899204 0 0.00078064012490242 0 0.001869158878504673
358 prepare  0 0.0009149130832570906 0 0.0008841732979664014 1 0.00234192037470726 0 0.001869158878504673
359 primarily  0 0.0009149130832570906 0 0.0008841732979664014 1 0.00234192037470726 0 0.001869158878504673
360 problem  1 0.0027447392497712718 0 0.0008841732979664014 1 0.00234192037470726 0 0.001869158878504673
361 production  1 0.0027447392497712718 0 0.0008841732979664014 1 0.00234192037470726 0 0.001869158878504673
362 products  0 0.0009149130832570906 0 0.0008841732979664014 1 0.00234192037470726 0 0.001869158878504673
363 programming  0 0.0009149130832570906 1 0.002652519893899204 1 0.00234192037470726 0 0.001869158878504673
364 project  0 0.0009149130832570906 0 0.0008841732979664014 1 0.00234192037470726 0 0.001869158878504673
365 protect  0 0.0009149130832570906 0 0.0008841732979664014 1 0.00234192037470726 0 0.001869158878504673
366 provisioning  0 0.0009149130832570906 0 0.0008841732979664014 1 0.00234192037470726 0 0.001869158878504673
367 psychosis  1 0.0027447392497712718 0 0.0008841732979664014 0 0.00078064012490242 0 0.001869158878504673
368 pure  0 0.0009149130832570906 1 0.002652519893899204 0 0.00078064012490242 0 0.001869158878504673
369 pursued  1 0.0027447392497712718 0 0.0008841732979664014 0 0.00078064012490242 0 0.001869158878504673
370 python  0 0.0009149130832570906 3 0.00618921308576481 0 0.00078064012490242 0 0.001869158878504673
371 q  2 0.004574565416285453 0 0.0008841732979664014 0 0.00078064012490242 0 0.001869158878504673
372 qemuimg  0 0.0009149130832570906 1 0.002652519893899204 0 0.00078064012490242 0 0.001869158878504673
373 quality  0 0.0009149130832570906 1 0.002652519893899204 1 0.00234192037470726 0 0.001869158878504673
374 quantified  0 0.0009149130832570906 1 0.002652519893899204 0 0.00078064012490242 0 0.001869158878504673
375 questions  0 0.0009149130832570906 0 0.0008841732979664014 1 0.00234192037470726 0 0.001869158878504673
376 racing  0 0.0009149130832570906 2 0.004420866489832007 0 0.00078064012490242 0 0.001869158878504673
377 rats  1 0.0027447392497712718 0 0.0008841732979664014 0 0.00078064012490242 0 0.001869158878504673
378 react  0 0.0009149130832570906 3 0.00618921308576481 0 0.00078064012490242 0 0.001869158878504673
379 realtime  0 0.0009149130832570906 1 0.002652519893899204 0 0.00078064012490242 0 0.001869158878504673
380 recruit  0 0.0009149130832570906 0 0.0008841732979664014 1 0.00234192037470726 0 0.001869158878504673
381 referer  0 0.0009149130832570906 0 0.0008841732979664014 1 0.00234192037470726 0 0.001869158878504673
382 related  0 0.0009149130832570906 0 0.0008841732979664014 1 0.00234192037470726 0 0.001869158878504673
383 relax  0 0.0009149130832570906 1 0.002652519893899204 0 0.00078064012490242 0 0.001869158878504673
384 releases/deployments  0 0.0009149130832570906 0 0.0008841732979664014 1 0.00234192037470726 0 0.001869158878504673
385 reliable  0 0.0009149130832570906 0 0.0008841732979664014 1 0.00234192037470726 0 0.001869158878504673
386 remote  0 0.0009149130832570906 1 0.002652519893899204 0 0.00078064012490242 0 0.001869158878504673
387 resources  0 0.0009149130832570906 0 0.0008841732979664014 1 0.00234192037470726 0 0.001869158878504673
388 reveal  1 0.0027447392497712718 0 0.0008841732979664014 0 0.00078064012490242 0 0.001869158878504673
389 robots  0 0.0009149130832570906 1 0.002652519893899204 0 0.00078064012490242 0 0.001869158878504673
390 roll  0 0.0009149130832570906 1 0.002652519893899204 0 0.00078064012490242 0 0.001869158878504673
391 roundup  1 0.0027447392497712718 0 0.0008841732979664014 0 0.00078064012490242 0 0.001869158878504673
392 rsa/elliptic  0 0.0009149130832570906 1 0.002652519893899204 0 0.00078064012490242 0 0.001869158878504673
393 s  4 0.008234217749313814 1 0.002652519893899204 0 0.00078064012490242 0 0.001869158878504673
394 saas  0 0.0009149130832570906 1 0.002652519893899204 0 0.00078064012490242 0 0.001869158878504673
395 salary  0 0.0009149130832570906 0 0.0008841732979664014 1 0.00234192037470726 0 0.001869158878504673
396 science  0 0.0009149130832570906 0 0.0008841732979664014 1 0.00234192037470726 0 0.001869158878504673
397 screeny  0 0.0009149130832570906 1 0.002652519893899204 0 0.00078064012490242 0 0.001869158878504673
398 seagate  1 0.0027447392497712718 0 0.0008841732979664014 0 0.00078064012490242 0 0.001869158878504673
399 search  0 0.0009149130832570906 0 0.0008841732979664014 1 0.00234192037470726 0 0.001869158878504673
400 secrets  0 0.0009149130832570906 0 0.0008841732979664014 1 0.00234192037470726 0 0.001869158878504673
401 sector  0 0.0009149130832570906 0 0.0008841732979664014 1 0.00234192037470726 0 0.001869158878504673
402 sensing  0 0.0009149130832570906 1 0.002652519893899204 0 0.00078064012490242 0 0.001869158878504673
403 seqeval  0 0.0009149130832570906 1 0.002652519893899204 0 0.00078064012490242 0 0.001869158878504673
404 sequence  0 0.0009149130832570906 1 0.002652519893899204 0 0.00078064012490242 0 0.001869158878504673
405 settings  0 0.0009149130832570906 0 0.0008841732979664014 1 0.00234192037470726 0 0.001869158878504673
406 shipping  1 0.0027447392497712718 0 0.0008841732979664014 0 0.00078064012490242 0 0.001869158878504673
407 shortener  1 0.0027447392497712718 0 0.0008841732979664014 0 0.00078064012490242 0 0.001869158878504673
408 show  0 0.0009149130832570906 33 0.0592396109637489 0 0.00078064012490242 0 0.001869158878504673
409 silent  0 0.0009149130832570906 0 0.0008841732979664014 1 0.00234192037470726 0 0.001869158878504673
410 sketchpad  1 0.0027447392497712718 0 0.0008841732979664014 0 0.00078064012490242 0 0.001869158878504673
411 small  0 0.0009149130832570906 0 0.0008841732979664014 1 0.00234192037470726 0 0.001869158878504673
412 snooping  1 0.0027447392497712718 0 0.0008841732979664014 0 0.00078064012490242 0 0.001869158878504673
413 so  0 0.0009149130832570906 0 0.0008841732979664014 1 0.00234192037470726 0 0.001869158878504673
414 software  0 0.0009149130832570906 0 0.0008841732979664014 2 0.0039032006245121 0 0.001869158878504673
415 solutions  0 0.0009149130832570906 0 0.0008841732979664014 1 0.00234192037470726 0 0.001869158878504673
416 sooner  1 0.0027447392497712718 0 0.0008841732979664014 0 0.00078064012490242 0 0.001869158878504673
417 source  2 0.004574565416285453 1 0.002652519893899204 0 0.00078064012490242 0 0.001869158878504673
418 sources  0 0.0009149130832570906 0 0.0008841732979664014 1 0.00234192037470726 0 0.001869158878504673
419 spot  0 0.0009149130832570906 0 0.0008841732979664014 1 0.00234192037470726 0 0.001869158878504673
420 startup  0 0.0009149130832570906 0 0.0008841732979664014 1 0.00234192037470726 0 0.001869158878504673
421 startups  0 0.0009149130832570906 0 0.0008841732979664014 2 0.0039032006245121 0 0.001869158878504673
422 states  1 0.0027447392497712718 0 0.0008841732979664014 0 0.00078064012490242 0 0.001869158878504673
423 statuspage  0 0.0009149130832570906 1 0.002652519893899204 0 0.00078064012490242 0 0.001869158878504673
424 straight  1 0.0027447392497712718 0 0.0008841732979664014 0 0.00078064012490242 0 0.001869158878504673
425 streamlined  1 0.0027447392497712718 0 0.0008841732979664014 0 0.00078064012490242 0 0.001869158878504673
426 stuck  0 0.0009149130832570906 0 0.0008841732979664014 1 0.00234192037470726 0 0.001869158878504673
427 success  0 0.0009149130832570906 0 0.0008841732979664014 1 0.00234192037470726 0 0.001869158878504673
428 suggestions  0 0.0009149130832570906 0 0.0008841732979664014 1 0.00234192037470726 0 0.001869158878504673
429 surprised  0 0.0009149130832570906 0 0.0008841732979664014 1 0.00234192037470726 0 0.001869158878504673
430 svg  0 0.0009149130832570906 1 0.002652519893899204 0 0.00078064012490242 0 0.001869158878504673
431 sw  0 0.0009149130832570906 0 0.0008841732979664014 1 0.00234192037470726 0 0.001869158878504673
432 tailwind  1 0.0027447392497712718 0 0.0008841732979664014 0 0.00078064012490242 0 0.001869158878504673
433 teaching  0 0.0009149130832570906 0 0.0008841732979664014 1 0.00234192037470726 0 0.001869158878504673
434 tech  1 0.0027447392497712718 0 0.0008841732979664014 2 0.0039032006245121 0 0.001869158878504673
435 technology  2 0.004574565416285453 0 0.0008841732979664014 0 0.00078064012490242 0 0.001869158878504673
436 templates  0 0.0009149130832570906 1 0.002652519893899204 0 0.00078064012490242 0 0.001869158878504673
437 ten  1 0.0027447392497712718 0 0.0008841732979664014 0 0.00078064012490242 0 0.001869158878504673
438 tender  1 0.0027447392497712718 0 0.0008841732979664014 0 0.00078064012490242 0 0.001869158878504673
439 terminal  1 0.0027447392497712718 0 0.0008841732979664014 0 0.00078064012490242 0 0.001869158878504673
440 tesla  1 0.0027447392497712718 0 0.0008841732979664014 0 0.00078064012490242 0 0.001869158878504673
441 testing  0 0.0009149130832570906 1 0.002652519893899204 0 0.00078064012490242 0 0.001869158878504673
442 than  1 0.0027447392497712718 0 0.0008841732979664014 0 0.00078064012490242 0 0.001869158878504673
443 that  0 0.0009149130832570906 1 0.002652519893899204 2 0.0039032006245121 0 0.001869158878504673
444 the  7 0.013723696248856358 2 0.004420866489832007 4 0.00702576112412178 0 0.001869158878504673
445 them  0 0.0009149130832570906 0 0.0008841732979664014 1 0.00234192037470726 0 0.001869158878504673
446 think  1 0.0027447392497712718 0 0.0008841732979664014 0 0.00078064012490242 0 0.001869158878504673
447 this  0 0.0009149130832570906 1 0.002652519893899204 0 0.00078064012490242 0 0.001869158878504673
448 thousands  0 0.0009149130832570906 1 0.002652519893899204 0 0.00078064012490242 0 0.001869158878504673
449 tiny  0 0.0009149130832570906 0 0.0008841732979664014 1 0.00234192037470726 0 0.001869158878504673
450 title  0 0.0009149130832570906 0 0.0008841732979664014 1 0.00234192037470726 0 0.001869158878504673
451 to  6 0.011893870082342177 3 0.00618921308576481 6 0.01014832162373146 0 0.001869158878504673
452 todo  1 0.0027447392497712718 0 0.0008841732979664014 0 0.00078064012490242 0 0.001869158878504673
453 topics  0 0.0009149130832570906 1 0.002652519893899204 0 0.00078064012490242 0 0.001869158878504673
454 tops  1 0.0027447392497712718 0 0.0008841732979664014 0 0.00078064012490242 0 0.001869158878504673
455 torrents  1 0.0027447392497712718 0 0.0008841732979664014 0 0.00078064012490242 0 0.001869158878504673
456 toyota  1 0.0027447392497712718 0 0.0008841732979664014 0 0.00078064012490242 0 0.001869158878504673
457 track  0 0.0009149130832570906 0 0.0008841732979664014 1 0.00234192037470726 0 0.001869158878504673
458 tracking  0 0.0009149130832570906 0 0.0008841732979664014 1 0.00234192037470726 0 0.001869158878504673
459 trading  1 0.0027447392497712718 0 0.0008841732979664014 0 0.00078064012490242 0 0.001869158878504673
460 travel  0 0.0009149130832570906 1 0.002652519893899204 0 0.00078064012490242 0 0.001869158878504673
461 turn  0 0.0009149130832570906 1 0.002652519893899204 0 0.00078064012490242 0 0.001869158878504673
462 tx  1 0.0027447392497712718 0 0.0008841732979664014 0 0.00078064012490242 0 0.001869158878504673
463 understand  0 0.0009149130832570906 0 0.0008841732979664014 1 0.00234192037470726 0 0.001869158878504673
464 unknown  0 0.0009149130832570906 0 0.0008841732979664014 1 0.00234192037470726 0 0.001869158878504673
465 unlimited  0 0.0009149130832570906 1 0.002652519893899204 0 0.00078064012490242 0 0.001869158878504673
466 url  1 0.0027447392497712718 0 0.0008841732979664014 0 0.00078064012490242 0 0.001869158878504673
467 usage  1 0.0027447392497712718 0 0.0008841732979664014 0 0.00078064012490242 0 0.001869158878504673
468 use  0 0.0009149130832570906 1 0.002652519893899204 3 0.00546448087431694 0 0.001869158878504673
469 used  0 0.0009149130832570906 0 0.0008841732979664014 1 0.00234192037470726 0 0.001869158878504673
470 users  0 0.0009149130832570906 0 0.0008841732979664014 1 0.00234192037470726 0 0.001869158878504673
471 using  1 0.0027447392497712718 2 0.004420866489832007 0 0.00078064012490242 0 0.001869158878504673
472 v.  1 0.0027447392497712718 0 0.0008841732979664014 0 0.00078064012490242 0 0.001869158878504673
473 ve  0 0.0009149130832570906 0 0.0008841732979664014 2 0.0039032006245121 0 0.001869158878504673
474 vector  1 0.0027447392497712718 0 0.0008841732979664014 0 0.00078064012490242 0 0.001869158878504673
475 vehicle  1 0.0027447392497712718 0 0.0008841732979664014 0 0.00078064012490242 0 0.001869158878504673
476 version  1 0.0027447392497712718 0 0.0008841732979664014 0 0.00078064012490242 0 0.001869158878504673
477 virtualbox  0 0.0009149130832570906 1 0.002652519893899204 0 0.00078064012490242 0 0.001869158878504673
478 vs.  0 0.0009149130832570906 1 0.002652519893899204 1 0.00234192037470726 0 0.001869158878504673
479 vue.js  1 0.0027447392497712718 0 0.0008841732979664014 0 0.00078064012490242 0 0.001869158878504673
480 vulnerabilities  0 0.0009149130832570906 0 0.0008841732979664014 1 0.00234192037470726 0 0.001869158878504673
481 wants  1 0.0027447392497712718 0 0.0008841732979664014 0 0.00078064012490242 0 0.001869158878504673
482 war  1 0.0027447392497712718 0 0.0008841732979664014 0 0.00078064012490242 0 0.001869158878504673
483 warehousing  1 0.0027447392497712718 0 0.0008841732979664014 0 0.00078064012490242 0 0.001869158878504673
484 was  0 0.0009149130832570906 0 0.0008841732979664014 1 0.00234192037470726 0 0.001869158878504673
485 we  1 0.0027447392497712718 0 0.0008841732979664014 0 0.00078064012490242 0 0.001869158878504673
486 web  1 0.0027447392497712718 1 0.002652519893899204 0 0.00078064012490242 0 0.001869158878504673
487 webhooks  0 0.0009149130832570906 1 0.002652519893899204 0 0.00078064012490242 0 0.001869158878504673
488 website  0 0.0009149130832570906 1 0.002652519893899204 0 0.00078064012490242 0 0.001869158878504673
489 week  0 0.0009149130832570906 0 0.0008841732979664014 1 0.00234192037470726 0 0.001869158878504673
490 what  1 0.0027447392497712718 0 0.0008841732979664014 5 0.00858704137392662 0 0.001869158878504673
491 wheel  1 0.0027447392497712718 0 0.0008841732979664014 0 0.00078064012490242 0 0.001869158878504673
492 when  0 0.0009149130832570906 0 0.0008841732979664014 1 0.00234192037470726 0 0.001869158878504673
493 which  0 0.0009149130832570906 0 0.0008841732979664014 1 0.00234192037470726 0 0.001869158878504673
494 whitecollar  0 0.0009149130832570906 0 0.0008841732979664014 1 0.00234192037470726 0 0.001869158878504673
495 who  1 0.0027447392497712718 0 0.0008841732979664014 0 0.00078064012490242 0 0.001869158878504673
496 whois  0 0.0009149130832570906 0 0.0008841732979664014 1 0.00234192037470726 0 0.001869158878504673
497 why  0 0.0009149130832570906 0 0.0008841732979664014 2 0.0039032006245121 0 0.001869158878504673
498 winning  1 0.0027447392497712718 0 0.0008841732979664014 0 0.00078064012490242 0 0.001869158878504673
499 wire  0 0.0009149130832570906 1 0.002652519893899204 0 0.00078064012490242 0 0.001869158878504673
500 with  2 0.004574565416285453 4 0.007957559681697613 0 0.00078064012490242 0 0.001869158878504673
501 without  1 0.0027447392497712718 1 0.002652519893899204 0 0.00078064012490242 0 0.001869158878504673
502 work  0 0.0009149130832570906 0 0.0008841732979664014 1 0.00234192037470726 0 0.001869158878504673
503 workflow  0 0.0009149130832570906 0 0.0008841732979664014 1 0.00234192037470726 0 0.001869158878504673
504 working  0 0.0009149130832570906 0 0.0008841732979664014 1 0.00234192037470726 0 0.001869158878504673
505 workout  0 0.0009149130832570906 1 0.002652519893899204 0 0.00078064012490242 0 0.001869158878504673
506 workstations  0 0.0009149130832570906 0 0.0008841732979664014 1 0.00234192037470726 0 0.001869158878504673
507 world  1 0.0027447392497712718 0 0.0008841732979664014 0 0.00078064012490242 0 0.001869158878504673
508 would  1 0.0027447392497712718 0 0.0008841732979664014 1 0.00234192037470726 0 0.001869158878504673
509 writing  0 0.0009149130832570906 0 0.0008841732979664014 1 0.00234192037470726 0 0.001869158878504673
510 xmpp  0 0.0009149130832570906 1 0.002652519893899204 0 0.00078064012490242 0 0.001869158878504673
511 yet  1 0.0027447392497712718 0 0.0008841732979664014 0 0.00078064012490242 0 0.001869158878504673
512 you  1 0.0027447392497712718 1 0.002652519893899204 11 0.01795472287275566 0 0.001869158878504673
513 your  2 0.004574565416285453 3 0.00618921308576481 2 0.0039032006245121 0 0.001869158878504673
514 yr  0 0.0009149130832570906 0 0.0008841732979664014 1 0.00234192037470726 0 0.001869158878504673
515 yummy  0 0.0009149130832570906 1 0.002652519893899204 0 0.00078064012490242 0 0.001869158878504673
516   3 0.006404391582799634 12 0.022104332449160036 1 0.00234192037470726 0 0.001869158878504673
517   2 0.004574565416285453 0 0.0008841732979664014 0 0.00078064012490242 0 0.001869158878504673
518   0 0.0009149130832570906 0 0.0008841732979664014 1 0.00234192037470726 0 0.001869158878504673
519   0 0.0009149130832570906 0 0.0008841732979664014 1 0.00234192037470726 0 0.001869158878504673
