0 .class  1 0.003865979381443299 0 0.001288659793814433 0 0.0012106537530266344 0 0.0025380710659898475
1 about  0 0.001288659793814433 1 0.003865979381443299 2 0.006053268765133172 0 0.0025380710659898475
2 accept  0 0.001288659793814433 1 0.003865979381443299 0 0.0012106537530266344 0 0.0025380710659898475
3 access  0 0.001288659793814433 2 0.006443298969072165 0 0.0012106537530266344 0 0.0025380710659898475
4 activity  0 0.001288659793814433 1 0.003865979381443299 0 0.0012106537530266344 0 0.0025380710659898475
5 actuator  1 0.003865979381443299 0 0.001288659793814433 0 0.0012106537530266344 0 0.0025380710659898475
6 adds  0 0.001288659793814433 1 0.003865979381443299 0 0.0012106537530266344 0 0.0025380710659898475
7 advise  0 0.001288659793814433 0 0.001288659793814433 1 0.0036319612590799033 0 0.0025380710659898475
8 again  0 0.001288659793814433 0 0.001288659793814433 1 0.0036319612590799033 0 0.0025380710659898475
9 agenices  0 0.001288659793814433 0 0.001288659793814433 1 0.0036319612590799033 0 0.0025380710659898475
10 airbnb  1 0.003865979381443299 0 0.001288659793814433 0 0.0012106537530266344 0 0.0025380710659898475
11 airport  1 0.003865979381443299 0 0.001288659793814433 0 0.0012106537530266344 0 0.0025380710659898475
12 alexa  1 0.003865979381443299 1 0.003865979381443299 0 0.0012106537530266344 0 0.0025380710659898475
13 almost  1 0.003865979381443299 0 0.001288659793814433 0 0.0012106537530266344 0 0.0025380710659898475
14 amazon  1 0.003865979381443299 0 0.001288659793814433 0 0.0012106537530266344 0 0.0025380710659898475
15 amicus  1 0.003865979381443299 0 0.001288659793814433 0 0.0012106537530266344 0 0.0025380710659898475
16 among  0 0.001288659793814433 0 0.001288659793814433 1 0.0036319612590799033 0 0.0025380710659898475
17 and  6 0.01675257731958763 5 0.014175257731958763 3 0.00847457627118644 0 0.0025380710659898475
18 any  0 0.001288659793814433 1 0.003865979381443299 0 0.0012106537530266344 0 0.0025380710659898475
19 anything  1 0.003865979381443299 0 0.001288659793814433 0 0.0012106537530266344 0 0.0025380710659898475
20 api  0 0.001288659793814433 2 0.006443298969072165 1 0.0036319612590799033 0 0.0025380710659898475
21 apollo  0 0.001288659793814433 1 0.003865979381443299 0 0.0012106537530266344 0 0.0025380710659898475
22 app  1 0.003865979381443299 0 0.001288659793814433 0 0.0012106537530266344 0 0.0025380710659898475
23 apps  0 0.001288659793814433 1 0.003865979381443299 0 0.0012106537530266344 0 0.0025380710659898475
24 are  1 0.003865979381443299 0 0.001288659793814433 3 0.00847457627118644 0 0.0025380710659898475
25 area  0 0.001288659793814433 0 0.001288659793814433 1 0.0036319612590799033 0 0.0025380710659898475
26 arista  1 0.003865979381443299 0 0.001288659793814433 0 0.0012106537530266344 0 0.0025380710659898475
27 around  1 0.003865979381443299 0 0.001288659793814433 0 0.0012106537530266344 0 0.0025380710659898475
28 ask  0 0.001288659793814433 1 0.003865979381443299 33 0.0811138014527845 0 0.0025380710659898475
29 asteroid  1 0.003865979381443299 0 0.001288659793814433 0 0.0012106537530266344 0 0.0025380710659898475
30 attack  0 0.001288659793814433 0 0.001288659793814433 1 0.0036319612590799033 0 0.0025380710659898475
31 attract  1 0.003865979381443299 0 0.001288659793814433 0 0.0012106537530266344 0 0.0025380710659898475
32 author  0 0.001288659793814433 0 0.001288659793814433 1 0.0036319612590799033 0 0.0025380710659898475
33 aws  2 0.006443298969072165 0 0.001288659793814433 1 0.0036319612590799033 0 0.0025380710659898475
34 bait  0 0.001288659793814433 0 0.001288659793814433 1 0.0036319612590799033 0 0.0025380710659898475
35 bare  0 0.001288659793814433 1 0.003865979381443299 0 0.0012106537530266344 0 0.0025380710659898475
36 bars  1 0.003865979381443299 0 0.001288659793814433 0 0.0012106537530266344 0 0.0025380710659898475
37 based  0 0.001288659793814433 1 0.003865979381443299 0 0.0012106537530266344 0 0.0025380710659898475
38 bash  1 0.003865979381443299 0 0.001288659793814433 0 0.0012106537530266344 0 0.0025380710659898475
39 battling  0 0.001288659793814433 1 0.003865979381443299 0 0.0012106537530266344 0 0.0025380710659898475
40 bay  0 0.001288659793814433 0 0.001288659793814433 1 0.0036319612590799033 0 0.0025380710659898475
41 beat  1 0.003865979381443299 0 0.001288659793814433 0 0.0012106537530266344 0 0.0025380710659898475
42 become  0 0.001288659793814433 0 0.001288659793814433 1 0.0036319612590799033 0 0.0025380710659898475
43 better  0 0.001288659793814433 2 0.006443298969072165 0 0.0012106537530266344 0 0.0025380710659898475
44 bias  2 0.006443298969072165 0 0.001288659793814433 0 0.0012106537530266344 0 0.0025380710659898475
45 bitcoin  1 0.003865979381443299 1 0.003865979381443299 1 0.0036319612590799033 0 0.0025380710659898475
46 blog  1 0.003865979381443299 0 0.001288659793814433 0 0.0012106537530266344 0 0.0025380710659898475
47 bloggers  0 0.001288659793814433 0 0.001288659793814433 1 0.0036319612590799033 0 0.0025380710659898475
48 boogaloo  1 0.003865979381443299 0 0.001288659793814433 0 0.0012106537530266344 0 0.0025380710659898475
49 book  0 0.001288659793814433 0 0.001288659793814433 1 0.0036319612590799033 0 0.0025380710659898475
50 bootcamp  0 0.001288659793814433 1 0.003865979381443299 0 0.0012106537530266344 0 0.0025380710659898475
51 boxy  0 0.001288659793814433 1 0.003865979381443299 0 0.0012106537530266344 0 0.0025380710659898475
52 brief  1 0.003865979381443299 0 0.001288659793814433 0 0.0012106537530266344 0 0.0025380710659898475
53 build  1 0.003865979381443299 0 0.001288659793814433 0 0.0012106537530266344 0 0.0025380710659898475
54 building  1 0.003865979381443299 1 0.003865979381443299 0 0.0012106537530266344 0 0.0025380710659898475
55 built  0 0.001288659793814433 1 0.003865979381443299 0 0.0012106537530266344 0 0.0025380710659898475
56 came  1 0.003865979381443299 0 0.001288659793814433 0 0.0012106537530266344 0 0.0025380710659898475
57 camera  0 0.001288659793814433 1 0.003865979381443299 0 0.0012106537530266344 0 0.0025380710659898475
58 can  1 0.003865979381443299 0 0.001288659793814433 4 0.010895883777239709 0 0.0025380710659898475
59 captcha  0 0.001288659793814433 0 0.001288659793814433 1 0.0036319612590799033 0 0.0025380710659898475
60 car  1 0.003865979381443299 0 0.001288659793814433 0 0.0012106537530266344 0 0.0025380710659898475
61 change  1 0.003865979381443299 0 0.001288659793814433 0 0.0012106537530266344 0 0.0025380710659898475
62 changer  1 0.003865979381443299 0 0.001288659793814433 0 0.0012106537530266344 0 0.0025380710659898475
63 changing  0 0.001288659793814433 0 0.001288659793814433 1 0.0036319612590799033 0 0.0025380710659898475
64 chat  0 0.001288659793814433 2 0.006443298969072165 0 0.0012106537530266344 0 0.0025380710659898475
65 chicken  1 0.003865979381443299 0 0.001288659793814433 0 0.0012106537530266344 0 0.0025380710659898475
66 cisco  1 0.003865979381443299 0 0.001288659793814433 0 0.0012106537530266344 0 0.0025380710659898475
67 cli  0 0.001288659793814433 1 0.003865979381443299 0 0.0012106537530266344 0 0.0025380710659898475
68 click  0 0.001288659793814433 0 0.001288659793814433 1 0.0036319612590799033 0 0.0025380710659898475
69 client  0 0.001288659793814433 2 0.006443298969072165 0 0.0012106537530266344 0 0.0025380710659898475
70 clients  0 0.001288659793814433 0 0.001288659793814433 1 0.0036319612590799033 0 0.0025380710659898475
71 code  0 0.001288659793814433 0 0.001288659793814433 1 0.0036319612590799033 0 0.0025380710659898475
72 company  0 0.001288659793814433 0 0.001288659793814433 1 0.0036319612590799033 0 0.0025380710659898475
73 compiled  1 0.003865979381443299 0 0.001288659793814433 0 0.0012106537530266344 0 0.0025380710659898475
74 computer  1 0.003865979381443299 0 0.001288659793814433 1 0.0036319612590799033 0 0.0025380710659898475
75 connect  0 0.001288659793814433 1 0.003865979381443299 0 0.0012106537530266344 0 0.0025380710659898475
76 consider  0 0.001288659793814433 0 0.001288659793814433 1 0.0036319612590799033 0 0.0025380710659898475
77 could  2 0.006443298969072165 0 0.001288659793814433 0 0.0012106537530266344 0 0.0025380710659898475
78 cover  0 0.001288659793814433 0 0.001288659793814433 1 0.0036319612590799033 0 0.0025380710659898475
79 cqrs  1 0.003865979381443299 0 0.001288659793814433 0 0.0012106537530266344 0 0.0025380710659898475
80 crypto  0 0.001288659793814433 1 0.003865979381443299 0 0.0012106537530266344 0 0.0025380710659898475
81 css  1 0.003865979381443299 2 0.006443298969072165 1 0.0036319612590799033 0 0.0025380710659898475
82 data  0 0.001288659793814433 3 0.00902061855670103 1 0.0036319612590799033 0 0.0025380710659898475
83 database  0 0.001288659793814433 0 0.001288659793814433 2 0.006053268765133172 0 0.0025380710659898475
84 date  0 0.001288659793814433 1 0.003865979381443299 0 0.0012106537530266344 0 0.0025380710659898475
85 days  1 0.003865979381443299 0 0.001288659793814433 0 0.0012106537530266344 0 0.0025380710659898475
86 debate  1 0.003865979381443299 0 0.001288659793814433 0 0.0012106537530266344 0 0.0025380710659898475
87 december  1 0.003865979381443299 0 0.001288659793814433 0 0.0012106537530266344 0 0.0025380710659898475
88 desktop  1 0.003865979381443299 1 0.003865979381443299 0 0.0012106537530266344 0 0.0025380710659898475
89 did  1 0.003865979381443299 0 0.001288659793814433 0 0.0012106537530266344 0 0.0025380710659898475
90 digital  2 0.006443298969072165 0 0.001288659793814433 0 0.0012106537530266344 0 0.0025380710659898475
91 dinner  1 0.003865979381443299 0 0.001288659793814433 0 0.0012106537530266344 0 0.0025380710659898475
92 dino  0 0.001288659793814433 1 0.003865979381443299 0 0.0012106537530266344 0 0.0025380710659898475
93 discover  0 0.001288659793814433 1 0.003865979381443299 0 0.0012106537530266344 0 0.0025380710659898475
94 discuss  0 0.001288659793814433 0 0.001288659793814433 1 0.0036319612590799033 0 0.0025380710659898475
95 display  1 0.003865979381443299 0 0.001288659793814433 0 0.0012106537530266344 0 0.0025380710659898475
96 docs  0 0.001288659793814433 1 0.003865979381443299 0 0.0012106537530266344 0 0.0025380710659898475
97 does  0 0.001288659793814433 0 0.001288659793814433 1 0.0036319612590799033 0 0.0025380710659898475
98 download  1 0.003865979381443299 0 0.001288659793814433 0 0.0012106537530266344 0 0.0025380710659898475
99 dozens  0 0.001288659793814433 0 0.001288659793814433 1 0.0036319612590799033 0 0.0025380710659898475
100 driven  1 0.003865979381443299 0 0.001288659793814433 0 0.0012106537530266344 0 0.0025380710659898475
101 drug  0 0.001288659793814433 0 0.001288659793814433 1 0.0036319612590799033 0 0.0025380710659898475
102 dynamic  0 0.001288659793814433 1 0.003865979381443299 0 0.0012106537530266344 0 0.0025380710659898475
103 editor  0 0.001288659793814433 1 0.003865979381443299 0 0.0012106537530266344 0 0.0025380710659898475
104 editors  1 0.003865979381443299 0 0.001288659793814433 0 0.0012106537530266344 0 0.0025380710659898475
105 egg  1 0.003865979381443299 0 0.001288659793814433 0 0.0012106537530266344 0 0.0025380710659898475
106 else  0 0.001288659793814433 0 0.001288659793814433 1 0.0036319612590799033 0 0.0025380710659898475
107 email  0 0.001288659793814433 1 0.003865979381443299 0 0.0012106537530266344 0 0.0025380710659898475
108 embody  1 0.003865979381443299 0 0.001288659793814433 0 0.0012106537530266344 0 0.0025380710659898475
109 eng  0 0.001288659793814433 0 0.001288659793814433 1 0.0036319612590799033 0 0.0025380710659898475
110 engineer  0 0.001288659793814433 0 0.001288659793814433 1 0.0036319612590799033 0 0.0025380710659898475
111 enlarge  0 0.001288659793814433 1 0.003865979381443299 0 0.0012106537530266344 0 0.0025380710659898475
112 ethereum  1 0.003865979381443299 2 0.006443298969072165 0 0.0012106537530266344 0 0.0025380710659898475
113 ever  0 0.001288659793814433 0 0.001288659793814433 1 0.0036319612590799033 0 0.0025380710659898475
114 ewan  0 0.001288659793814433 0 0.001288659793814433 0 0.0012106537530266344 3 0.017766497461928935
115 feedback  1 0.003865979381443299 0 0.001288659793814433 0 0.0012106537530266344 0 0.0025380710659898475
116 feeling  0 0.001288659793814433 0 0.001288659793814433 1 0.0036319612590799033 0 0.0025380710659898475
117 field  0 0.001288659793814433 0 0.001288659793814433 1 0.0036319612590799033 0 0.0025380710659898475
118 file  1 0.003865979381443299 0 0.001288659793814433 0 0.0012106537530266344 0 0.0025380710659898475
119 finally  1 0.003865979381443299 0 0.001288659793814433 0 0.0012106537530266344 0 0.0025380710659898475
120 finance  1 0.003865979381443299 0 0.001288659793814433 0 0.0012106537530266344 0 0.0025380710659898475
121 find  0 0.001288659793814433 0 0.001288659793814433 1 0.0036319612590799033 0 0.0025380710659898475
122 first  1 0.003865979381443299 0 0.001288659793814433 0 0.0012106537530266344 0 0.0025380710659898475
123 fishing  1 0.003865979381443299 0 0.001288659793814433 0 0.0012106537530266344 0 0.0025380710659898475
124 flexe  1 0.003865979381443299 0 0.001288659793814433 0 0.0012106537530266344 0 0.0025380710659898475
125 for  6 0.01675257731958763 5 0.014175257731958763 5 0.013317191283292978 0 0.0025380710659898475
126 form  0 0.001288659793814433 0 0.001288659793814433 1 0.0036319612590799033 0 0.0025380710659898475
127 free  0 0.001288659793814433 1 0.003865979381443299 1 0.0036319612590799033 0 0.0025380710659898475
128 friendly  0 0.001288659793814433 1 0.003865979381443299 0 0.0012106537530266344 0 0.0025380710659898475
129 friends  0 0.001288659793814433 0 0.001288659793814433 1 0.0036319612590799033 0 0.0025380710659898475
130 from  0 0.001288659793814433 2 0.006443298969072165 2 0.006053268765133172 0 0.0025380710659898475
131 function  1 0.003865979381443299 1 0.003865979381443299 0 0.0012106537530266344 0 0.0025380710659898475
132 fund  1 0.003865979381443299 0 0.001288659793814433 0 0.0012106537530266344 0 0.0025380710659898475
133 future  0 0.001288659793814433 0 0.001288659793814433 1 0.0036319612590799033 0 0.0025380710659898475
134 futures  1 0.003865979381443299 0 0.001288659793814433 0 0.0012106537530266344 0 0.0025380710659898475
135 game  1 0.003865979381443299 1 0.003865979381443299 0 0.0012106537530266344 0 0.0025380710659898475
136 games  0 0.001288659793814433 1 0.003865979381443299 0 0.0012106537530266344 0 0.0025380710659898475
137 gdax  0 0.001288659793814433 1 0.003865979381443299 0 0.0012106537530266344 0 0.0025380710659898475
138 get  0 0.001288659793814433 1 0.003865979381443299 0 0.0012106537530266344 0 0.0025380710659898475
139 github  0 0.001288659793814433 1 0.003865979381443299 1 0.0036319612590799033 0 0.0025380710659898475
140 gitlab  0 0.001288659793814433 0 0.001288659793814433 1 0.0036319612590799033 0 0.0025380710659898475
141 goal  1 0.003865979381443299 0 0.001288659793814433 0 0.0012106537530266344 0 0.0025380710659898475
142 goes  1 0.003865979381443299 0 0.001288659793814433 0 0.0012106537530266344 0 0.0025380710659898475
143 good  0 0.001288659793814433 0 0.001288659793814433 1 0.0036319612590799033 0 0.0025380710659898475
144 google  2 0.006443298969072165 0 0.001288659793814433 1 0.0036319612590799033 0 0.0025380710659898475
145 graph  0 0.001288659793814433 0 0.001288659793814433 1 0.0036319612590799033 0 0.0025380710659898475
146 graphics  1 0.003865979381443299 0 0.001288659793814433 0 0.0012106537530266344 0 0.0025380710659898475
147 graphql  0 0.001288659793814433 1 0.003865979381443299 0 0.0012106537530266344 0 0.0025380710659898475
148 grids  0 0.001288659793814433 1 0.003865979381443299 0 0.0012106537530266344 0 0.0025380710659898475
149 grow  0 0.001288659793814433 0 0.001288659793814433 1 0.0036319612590799033 0 0.0025380710659898475
150 guest  0 0.001288659793814433 1 0.003865979381443299 0 0.0012106537530266344 0 0.0025380710659898475
151 hackers  1 0.003865979381443299 0 0.001288659793814433 0 0.0012106537530266344 0 0.0025380710659898475
152 handy  1 0.003865979381443299 0 0.001288659793814433 0 0.0012106537530266344 0 0.0025380710659898475
153 happen  1 0.003865979381443299 0 0.001288659793814433 0 0.0012106537530266344 0 0.0025380710659898475
154 hardware  0 0.001288659793814433 0 0.001288659793814433 1 0.0036319612590799033 0 0.0025380710659898475
155 hear  1 0.003865979381443299 0 0.001288659793814433 0 0.0012106537530266344 0 0.0025380710659898475
156 help  1 0.003865979381443299 1 0.003865979381443299 1 0.0036319612590799033 0 0.0025380710659898475
157 hire  0 0.001288659793814433 0 0.001288659793814433 1 0.0036319612590799033 0 0.0025380710659898475
158 hooks  0 0.001288659793814433 1 0.003865979381443299 0 0.0012106537530266344 0 0.0025380710659898475
159 how  2 0.006443298969072165 1 0.003865979381443299 12 0.03026634382566586 0 0.0025380710659898475
160 html  0 0.001288659793814433 1 0.003865979381443299 0 0.0012106537530266344 0 0.0025380710659898475
161 http  0 0.001288659793814433 1 0.003865979381443299 0 0.0012106537530266344 0 0.0025380710659898475
162 human  1 0.003865979381443299 0 0.001288659793814433 0 0.0012106537530266344 0 0.0025380710659898475
163 hydrogen  1 0.003865979381443299 0 0.001288659793814433 0 0.0012106537530266344 0 0.0025380710659898475
164 hyperapp  0 0.001288659793814433 1 0.003865979381443299 0 0.0012106537530266344 0 0.0025380710659898475
165 iii  1 0.003865979381443299 0 0.001288659793814433 0 0.0012106537530266344 0 0.0025380710659898475
166 image  0 0.001288659793814433 1 0.003865979381443299 0 0.0012106537530266344 0 0.0025380710659898475
167 images  0 0.001288659793814433 1 0.003865979381443299 0 0.0012106537530266344 0 0.0025380710659898475
168 improve  0 0.001288659793814433 0 0.001288659793814433 1 0.0036319612590799033 0 0.0025380710659898475
169 india  1 0.003865979381443299 0 0.001288659793814433 0 0.0012106537530266344 0 0.0025380710659898475
170 insecure  0 0.001288659793814433 0 0.001288659793814433 1 0.0036319612590799033 0 0.0025380710659898475
171 install  1 0.003865979381443299 0 0.001288659793814433 0 0.0012106537530266344 0 0.0025380710659898475
172 into  0 0.001288659793814433 2 0.006443298969072165 0 0.0012106537530266344 0 0.0025380710659898475
173 ios  0 0.001288659793814433 2 0.006443298969072165 0 0.0012106537530266344 0 0.0025380710659898475
174 ipfs  0 0.001288659793814433 1 0.003865979381443299 0 0.0012106537530266344 0 0.0025380710659898475
175 its  1 0.003865979381443299 0 0.001288659793814433 1 0.0036319612590799033 0 0.0025380710659898475
176 jdk  1 0.003865979381443299 0 0.001288659793814433 0 0.0012106537530266344 0 0.0025380710659898475
177 jobs  1 0.003865979381443299 0 0.001288659793814433 1 0.0036319612590799033 0 0.0025380710659898475
178 joins  1 0.003865979381443299 0 0.001288659793814433 0 0.0012106537530266344 0 0.0025380710659898475
179 junior  0 0.001288659793814433 0 0.001288659793814433 1 0.0036319612590799033 0 0.0025380710659898475
180 kde  1 0.003865979381443299 0 0.001288659793814433 0 0.0012106537530266344 0 0.0025380710659898475
181 keep  0 0.001288659793814433 0 0.001288659793814433 1 0.0036319612590799033 0 0.0025380710659898475
182 keys  0 0.001288659793814433 0 0.001288659793814433 1 0.0036319612590799033 0 0.0025380710659898475
183 khz  0 0.001288659793814433 0 0.001288659793814433 1 0.0036319612590799033 0 0.0025380710659898475
184 know  0 0.001288659793814433 0 0.001288659793814433 1 0.0036319612590799033 0 0.0025380710659898475
185 kraken  0 0.001288659793814433 1 0.003865979381443299 0 0.0012106537530266344 0 0.0025380710659898475
186 labeling  0 0.001288659793814433 1 0.003865979381443299 0 0.0012106537530266344 0 0.0025380710659898475
187 lambda  1 0.003865979381443299 0 0.001288659793814433 0 0.0012106537530266344 0 0.0025380710659898475
188 laravel  1 0.003865979381443299 0 0.001288659793814433 0 0.0012106537530266344 0 0.0025380710659898475
189 layouts  0 0.001288659793814433 1 0.003865979381443299 0 0.0012106537530266344 0 0.0025380710659898475
190 league  0 0.001288659793814433 1 0.003865979381443299 0 0.0012106537530266344 0 0.0025380710659898475
191 learning  0 0.001288659793814433 1 0.003865979381443299 0 0.0012106537530266344 0 0.0025380710659898475
192 learnt  1 0.003865979381443299 0 0.001288659793814433 0 0.0012106537530266344 0 0.0025380710659898475
193 least  0 0.001288659793814433 0 0.001288659793814433 1 0.0036319612590799033 0 0.0025380710659898475
194 legal  1 0.003865979381443299 0 0.001288659793814433 0 0.0012106537530266344 0 0.0025380710659898475
195 lending  0 0.001288659793814433 1 0.003865979381443299 0 0.0012106537530266344 0 0.0025380710659898475
196 library  1 0.003865979381443299 2 0.006443298969072165 1 0.0036319612590799033 0 0.0025380710659898475
197 like  0 0.001288659793814433 0 0.001288659793814433 1 0.0036319612590799033 0 0.0025380710659898475
198 likes  0 0.001288659793814433 0 0.001288659793814433 0 0.0012106537530266344 1 0.007614213197969543
199 listing  0 0.001288659793814433 1 0.003865979381443299 0 0.0012106537530266344 0 0.0025380710659898475
200 looking  0 0.001288659793814433 0 0.001288659793814433 1 0.0036319612590799033 0 0.0025380710659898475
201 losing  1 0.003865979381443299 1 0.003865979381443299 0 0.0012106537530266344 0 0.0025380710659898475
202 love  1 0.003865979381443299 0 0.001288659793814433 0 0.0012106537530266344 0 0.0025380710659898475
203 low  0 0.001288659793814433 0 0.001288659793814433 1 0.0036319612590799033 0 0.0025380710659898475
204 lynch  1 0.003865979381443299 0 0.001288659793814433 0 0.0012106537530266344 0 0.0025380710659898475
205 machine  0 0.001288659793814433 1 0.003865979381443299 0 0.0012106537530266344 0 0.0025380710659898475
206 manage  0 0.001288659793814433 1 0.003865979381443299 1 0.0036319612590799033 0 0.0025380710659898475
207 manager  0 0.001288659793814433 0 0.001288659793814433 1 0.0036319612590799033 0 0.0025380710659898475
208 map  0 0.001288659793814433 1 0.003865979381443299 0 0.0012106537530266344 0 0.0025380710659898475
209 mass  1 0.003865979381443299 0 0.001288659793814433 0 0.0012106537530266344 0 0.0025380710659898475
210 merrill  1 0.003865979381443299 0 0.001288659793814433 0 0.0012106537530266344 0 0.0025380710659898475
211 metal  0 0.001288659793814433 1 0.003865979381443299 0 0.0012106537530266344 0 0.0025380710659898475
212 mind  1 0.003865979381443299 0 0.001288659793814433 0 0.0012106537530266344 0 0.0025380710659898475
213 mindless  0 0.001288659793814433 1 0.003865979381443299 0 0.0012106537530266344 0 0.0025380710659898475
214 minister  1 0.003865979381443299 0 0.001288659793814433 0 0.0012106537530266344 0 0.0025380710659898475
215 minute  1 0.003865979381443299 0 0.001288659793814433 0 0.0012106537530266344 0 0.0025380710659898475
216 mirai  1 0.003865979381443299 0 0.001288659793814433 0 0.0012106537530266344 0 0.0025380710659898475
217 mobile  1 0.003865979381443299 0 0.001288659793814433 0 0.0012106537530266344 0 0.0025380710659898475
218 mockttp  0 0.001288659793814433 1 0.003865979381443299 0 0.0012106537530266344 0 0.0025380710659898475
219 modern  0 0.001288659793814433 1 0.003865979381443299 0 0.0012106537530266344 0 0.0025380710659898475
220 most  0 0.001288659793814433 0 0.001288659793814433 1 0.0036319612590799033 0 0.0025380710659898475
221 much  0 0.001288659793814433 0 0.001288659793814433 1 0.0036319612590799033 0 0.0025380710659898475
222 multi  1 0.003865979381443299 0 0.001288659793814433 0 0.0012106537530266344 0 0.0025380710659898475
223 myself  0 0.001288659793814433 0 0.001288659793814433 1 0.0036319612590799033 0 0.0025380710659898475
224 name  0 0.001288659793814433 0 0.001288659793814433 1 0.0036319612590799033 0 0.0025380710659898475
225 national  1 0.003865979381443299 0 0.001288659793814433 0 0.0012106537530266344 0 0.0025380710659898475
226 nearby  0 0.001288659793814433 1 0.003865979381443299 0 0.0012106537530266344 0 0.0025380710659898475
227 need  0 0.001288659793814433 0 0.001288659793814433 1 0.0036319612590799033 0 0.0025380710659898475
228 new  3 0.00902061855670103 0 0.001288659793814433 0 0.0012106537530266344 0 0.0025380710659898475
229 news  0 0.001288659793814433 0 0.001288659793814433 1 0.0036319612590799033 0 0.0025380710659898475
230 nobody  1 0.003865979381443299 0 0.001288659793814433 0 0.0012106537530266344 0 0.0025380710659898475
231 not  2 0.006443298969072165 0 0.001288659793814433 0 0.0012106537530266344 0 0.0025380710659898475
232 now  1 0.003865979381443299 0 0.001288659793814433 0 0.0012106537530266344 0 0.0025380710659898475
233 npm  1 0.003865979381443299 0 0.001288659793814433 0 0.0012106537530266344 0 0.0025380710659898475
234 observer  1 0.003865979381443299 0 0.001288659793814433 0 0.0012106537530266344 0 0.0025380710659898475
235 odd  0 0.001288659793814433 0 0.001288659793814433 1 0.0036319612590799033 0 0.0025380710659898475
236 old  0 0.001288659793814433 0 0.001288659793814433 1 0.0036319612590799033 0 0.0025380710659898475
237 online  1 0.003865979381443299 0 0.001288659793814433 0 0.0012106537530266344 0 0.0025380710659898475
238 only  1 0.003865979381443299 0 0.001288659793814433 0 0.0012106537530266344 0 0.0025380710659898475
239 open  2 0.006443298969072165 0 0.001288659793814433 0 0.0012106537530266344 0 0.0025380710659898475
240 openfaas  0 0.001288659793814433 1 0.003865979381443299 0 0.0012106537530266344 0 0.0025380710659898475
241 oumuamua  1 0.003865979381443299 0 0.001288659793814433 0 0.0012106537530266344 0 0.0025380710659898475
242 our  1 0.003865979381443299 0 0.001288659793814433 0 0.0012106537530266344 0 0.0025380710659898475
243 over  0 0.001288659793814433 1 0.003865979381443299 0 0.0012106537530266344 0 0.0025380710659898475
244 packer  0 0.001288659793814433 1 0.003865979381443299 0 0.0012106537530266344 0 0.0025380710659898475
245 pacoin  0 0.001288659793814433 0 0.001288659793814433 1 0.0036319612590799033 0 0.0025380710659898475
246 painting  1 0.003865979381443299 0 0.001288659793814433 0 0.0012106537530266344 0 0.0025380710659898475
247 part  1 0.003865979381443299 0 0.001288659793814433 0 0.0012106537530266344 0 0.0025380710659898475
248 patents  1 0.003865979381443299 0 0.001288659793814433 0 0.0012106537530266344 0 0.0025380710659898475
249 path  1 0.003865979381443299 0 0.001288659793814433 0 0.0012106537530266344 0 0.0025380710659898475
250 pay  0 0.001288659793814433 0 0.001288659793814433 1 0.0036319612590799033 0 0.0025380710659898475
251 payments  0 0.001288659793814433 1 0.003865979381443299 0 0.0012106537530266344 0 0.0025380710659898475
252 pdf  1 0.003865979381443299 1 0.003865979381443299 0 0.0012106537530266344 0 0.0025380710659898475
253 places  0 0.001288659793814433 1 0.003865979381443299 0 0.0012106537530266344 0 0.0025380710659898475
254 planet  0 0.001288659793814433 1 0.003865979381443299 0 0.0012106537530266344 0 0.0025380710659898475
255 plans  1 0.003865979381443299 0 0.001288659793814433 0 0.0012106537530266344 0 0.0025380710659898475
256 please  0 0.001288659793814433 0 0.001288659793814433 1 0.0036319612590799033 0 0.0025380710659898475
257 podcast  0 0.001288659793814433 1 0.003865979381443299 0 0.0012106537530266344 0 0.0025380710659898475
258 podfio  0 0.001288659793814433 1 0.003865979381443299 0 0.0012106537530266344 0 0.0025380710659898475
259 poll  0 0.001288659793814433 0 0.001288659793814433 0 0.0012106537530266344 1 0.007614213197969543
260 pooing  0 0.001288659793814433 0 0.001288659793814433 0 0.0012106537530266344 1 0.007614213197969543
261 possible  1 0.003865979381443299 0 0.001288659793814433 0 0.0012106537530266344 0 0.0025380710659898475
262 post  0 0.001288659793814433 1 0.003865979381443299 0 0.0012106537530266344 0 0.0025380710659898475
263 powerful  0 0.001288659793814433 1 0.003865979381443299 0 0.0012106537530266344 0 0.0025380710659898475
264 prepare  0 0.001288659793814433 0 0.001288659793814433 1 0.0036319612590799033 0 0.0025380710659898475
265 problem  1 0.003865979381443299 0 0.001288659793814433 1 0.0036319612590799033 0 0.0025380710659898475
266 products  0 0.001288659793814433 0 0.001288659793814433 1 0.0036319612590799033 0 0.0025380710659898475
267 project  0 0.001288659793814433 0 0.001288659793814433 1 0.0036319612590799033 0 0.0025380710659898475
268 protect  0 0.001288659793814433 0 0.001288659793814433 1 0.0036319612590799033 0 0.0025380710659898475
269 pure  0 0.001288659793814433 1 0.003865979381443299 0 0.0012106537530266344 0 0.0025380710659898475
270 pursued  1 0.003865979381443299 0 0.001288659793814433 0 0.0012106537530266344 0 0.0025380710659898475
271 python  0 0.001288659793814433 3 0.00902061855670103 0 0.0012106537530266344 0 0.0025380710659898475
272 qemuimg  0 0.001288659793814433 1 0.003865979381443299 0 0.0012106537530266344 0 0.0025380710659898475
273 quality  0 0.001288659793814433 1 0.003865979381443299 1 0.0036319612590799033 0 0.0025380710659898475
274 racing  0 0.001288659793814433 2 0.006443298969072165 0 0.0012106537530266344 0 0.0025380710659898475
275 rats  1 0.003865979381443299 0 0.001288659793814433 0 0.0012106537530266344 0 0.0025380710659898475
276 react  0 0.001288659793814433 3 0.00902061855670103 0 0.0012106537530266344 0 0.0025380710659898475
277 realtime  0 0.001288659793814433 1 0.003865979381443299 0 0.0012106537530266344 0 0.0025380710659898475
278 recruit  0 0.001288659793814433 0 0.001288659793814433 1 0.0036319612590799033 0 0.0025380710659898475
279 referer  0 0.001288659793814433 0 0.001288659793814433 1 0.0036319612590799033 0 0.0025380710659898475
280 related  0 0.001288659793814433 0 0.001288659793814433 1 0.0036319612590799033 0 0.0025380710659898475
281 relax  0 0.001288659793814433 1 0.003865979381443299 0 0.0012106537530266344 0 0.0025380710659898475
282 reliable  0 0.001288659793814433 0 0.001288659793814433 1 0.0036319612590799033 0 0.0025380710659898475
283 remote  0 0.001288659793814433 1 0.003865979381443299 0 0.0012106537530266344 0 0.0025380710659898475
284 reveal  1 0.003865979381443299 0 0.001288659793814433 0 0.0012106537530266344 0 0.0025380710659898475
285 robots  0 0.001288659793814433 1 0.003865979381443299 0 0.0012106537530266344 0 0.0025380710659898475
286 roll  0 0.001288659793814433 1 0.003865979381443299 0 0.0012106537530266344 0 0.0025380710659898475
287 roundup  1 0.003865979381443299 0 0.001288659793814433 0 0.0012106537530266344 0 0.0025380710659898475
288 saas  0 0.001288659793814433 1 0.003865979381443299 0 0.0012106537530266344 0 0.0025380710659898475
289 salary  0 0.001288659793814433 0 0.001288659793814433 1 0.0036319612590799033 0 0.0025380710659898475
290 science  0 0.001288659793814433 0 0.001288659793814433 1 0.0036319612590799033 0 0.0025380710659898475
291 screeny  0 0.001288659793814433 1 0.003865979381443299 0 0.0012106537530266344 0 0.0025380710659898475
292 seagate  1 0.003865979381443299 0 0.001288659793814433 0 0.0012106537530266344 0 0.0025380710659898475
293 search  0 0.001288659793814433 0 0.001288659793814433 1 0.0036319612590799033 0 0.0025380710659898475
294 secrets  0 0.001288659793814433 0 0.001288659793814433 1 0.0036319612590799033 0 0.0025380710659898475
295 sector  0 0.001288659793814433 0 0.001288659793814433 1 0.0036319612590799033 0 0.0025380710659898475
296 sensing  0 0.001288659793814433 1 0.003865979381443299 0 0.0012106537530266344 0 0.0025380710659898475
297 seqeval  0 0.001288659793814433 1 0.003865979381443299 0 0.0012106537530266344 0 0.0025380710659898475
298 sequence  0 0.001288659793814433 1 0.003865979381443299 0 0.0012106537530266344 0 0.0025380710659898475
299 settings  0 0.001288659793814433 0 0.001288659793814433 1 0.0036319612590799033 0 0.0025380710659898475
300 shipping  1 0.003865979381443299 0 0.001288659793814433 0 0.0012106537530266344 0 0.0025380710659898475
301 show  0 0.001288659793814433 33 0.08634020618556701 0 0.0012106537530266344 0 0.0025380710659898475
302 silent  0 0.001288659793814433 0 0.001288659793814433 1 0.0036319612590799033 0 0.0025380710659898475
303 small  0 0.001288659793814433 0 0.001288659793814433 1 0.0036319612590799033 0 0.0025380710659898475
304 snooping  1 0.003865979381443299 0 0.001288659793814433 0 0.0012106537530266344 0 0.0025380710659898475
305 software  0 0.001288659793814433 0 0.001288659793814433 2 0.006053268765133172 0 0.0025380710659898475
306 sooner  1 0.003865979381443299 0 0.001288659793814433 0 0.0012106537530266344 0 0.0025380710659898475
307 source  2 0.006443298969072165 1 0.003865979381443299 0 0.0012106537530266344 0 0.0025380710659898475
308 sources  0 0.001288659793814433 0 0.001288659793814433 1 0.0036319612590799033 0 0.0025380710659898475
309 spot  0 0.001288659793814433 0 0.001288659793814433 1 0.0036319612590799033 0 0.0025380710659898475
310 startup  0 0.001288659793814433 0 0.001288659793814433 1 0.0036319612590799033 0 0.0025380710659898475
311 startups  0 0.001288659793814433 0 0.001288659793814433 2 0.006053268765133172 0 0.0025380710659898475
312 states  1 0.003865979381443299 0 0.001288659793814433 0 0.0012106537530266344 0 0.0025380710659898475
313 straight  1 0.003865979381443299 0 0.001288659793814433 0 0.0012106537530266344 0 0.0025380710659898475
314 stuck  0 0.001288659793814433 0 0.001288659793814433 1 0.0036319612590799033 0 0.0025380710659898475
315 success  0 0.001288659793814433 0 0.001288659793814433 1 0.0036319612590799033 0 0.0025380710659898475
316 svg  0 0.001288659793814433 1 0.003865979381443299 0 0.0012106537530266344 0 0.0025380710659898475
317 tailwind  1 0.003865979381443299 0 0.001288659793814433 0 0.0012106537530266344 0 0.0025380710659898475
318 teaching  0 0.001288659793814433 0 0.001288659793814433 1 0.0036319612590799033 0 0.0025380710659898475
319 tech  1 0.003865979381443299 0 0.001288659793814433 2 0.006053268765133172 0 0.0025380710659898475
320 ten  1 0.003865979381443299 0 0.001288659793814433 0 0.0012106537530266344 0 0.0025380710659898475
321 tender  1 0.003865979381443299 0 0.001288659793814433 0 0.0012106537530266344 0 0.0025380710659898475
322 terminal  1 0.003865979381443299 0 0.001288659793814433 0 0.0012106537530266344 0 0.0025380710659898475
323 tesla  1 0.003865979381443299 0 0.001288659793814433 0 0.0012106537530266344 0 0.0025380710659898475
324 testing  0 0.001288659793814433 1 0.003865979381443299 0 0.0012106537530266344 0 0.0025380710659898475
325 than  1 0.003865979381443299 0 0.001288659793814433 0 0.0012106537530266344 0 0.0025380710659898475
326 that  0 0.001288659793814433 1 0.003865979381443299 2 0.006053268765133172 0 0.0025380710659898475
327 the  7 0.019329896907216496 2 0.006443298969072165 4 0.010895883777239709 0 0.0025380710659898475
328 them  0 0.001288659793814433 0 0.001288659793814433 1 0.0036319612590799033 0 0.0025380710659898475
329 think  1 0.003865979381443299 0 0.001288659793814433 0 0.0012106537530266344 0 0.0025380710659898475
330 this  0 0.001288659793814433 1 0.003865979381443299 0 0.0012106537530266344 0 0.0025380710659898475
331 tiny  0 0.001288659793814433 0 0.001288659793814433 1 0.0036319612590799033 0 0.0025380710659898475
332 title  0 0.001288659793814433 0 0.001288659793814433 1 0.0036319612590799033 0 0.0025380710659898475
333 todo  1 0.003865979381443299 0 0.001288659793814433 0 0.0012106537530266344 0 0.0025380710659898475
334 topics  0 0.001288659793814433 1 0.003865979381443299 0 0.0012106537530266344 0 0.0025380710659898475
335 tops  1 0.003865979381443299 0 0.001288659793814433 0 0.0012106537530266344 0 0.0025380710659898475
336 torrents  1 0.003865979381443299 0 0.001288659793814433 0 0.0012106537530266344 0 0.0025380710659898475
337 toyota  1 0.003865979381443299 0 0.001288659793814433 0 0.0012106537530266344 0 0.0025380710659898475
338 track  0 0.001288659793814433 0 0.001288659793814433 1 0.0036319612590799033 0 0.0025380710659898475
339 tracking  0 0.001288659793814433 0 0.001288659793814433 1 0.0036319612590799033 0 0.0025380710659898475
340 trading  1 0.003865979381443299 0 0.001288659793814433 0 0.0012106537530266344 0 0.0025380710659898475
341 travel  0 0.001288659793814433 1 0.003865979381443299 0 0.0012106537530266344 0 0.0025380710659898475
342 turn  0 0.001288659793814433 1 0.003865979381443299 0 0.0012106537530266344 0 0.0025380710659898475
343 unknown  0 0.001288659793814433 0 0.001288659793814433 1 0.0036319612590799033 0 0.0025380710659898475
344 url  1 0.003865979381443299 0 0.001288659793814433 0 0.0012106537530266344 0 0.0025380710659898475
345 usage  1 0.003865979381443299 0 0.001288659793814433 0 0.0012106537530266344 0 0.0025380710659898475
346 use  0 0.001288659793814433 1 0.003865979381443299 3 0.00847457627118644 0 0.0025380710659898475
347 used  0 0.001288659793814433 0 0.001288659793814433 1 0.0036319612590799033 0 0.0025380710659898475
348 users  0 0.001288659793814433 0 0.001288659793814433 1 0.0036319612590799033 0 0.0025380710659898475
349 using  1 0.003865979381443299 2 0.006443298969072165 0 0.0012106537530266344 0 0.0025380710659898475
350 vector  1 0.003865979381443299 0 0.001288659793814433 0 0.0012106537530266344 0 0.0025380710659898475
351 vehicle  1 0.003865979381443299 0 0.001288659793814433 0 0.0012106537530266344 0 0.0025380710659898475
352 version  1 0.003865979381443299 0 0.001288659793814433 0 0.0012106537530266344 0 0.0025380710659898475
353 vs.  0 0.001288659793814433 1 0.003865979381443299 1 0.0036319612590799033 0 0.0025380710659898475
354 vue.js  1 0.003865979381443299 0 0.001288659793814433 0 0.0012106537530266344 0 0.0025380710659898475
355 wants  1 0.003865979381443299 0 0.001288659793814433 0 0.0012106537530266344 0 0.0025380710659898475
356 war  1 0.003865979381443299 0 0.001288659793814433 0 0.0012106537530266344 0 0.0025380710659898475
357 was  0 0.001288659793814433 0 0.001288659793814433 1 0.0036319612590799033 0 0.0025380710659898475
358 web  1 0.003865979381443299 1 0.003865979381443299 0 0.0012106537530266344 0 0.0025380710659898475
359 webhooks  0 0.001288659793814433 1 0.003865979381443299 0 0.0012106537530266344 0 0.0025380710659898475
360 website  0 0.001288659793814433 1 0.003865979381443299 0 0.0012106537530266344 0 0.0025380710659898475
361 week  0 0.001288659793814433 0 0.001288659793814433 1 0.0036319612590799033 0 0.0025380710659898475
362 what  1 0.003865979381443299 0 0.001288659793814433 5 0.013317191283292978 0 0.0025380710659898475
363 wheel  1 0.003865979381443299 0 0.001288659793814433 0 0.0012106537530266344 0 0.0025380710659898475
364 when  0 0.001288659793814433 0 0.001288659793814433 1 0.0036319612590799033 0 0.0025380710659898475
365 which  0 0.001288659793814433 0 0.001288659793814433 1 0.0036319612590799033 0 0.0025380710659898475
366 who  1 0.003865979381443299 0 0.001288659793814433 0 0.0012106537530266344 0 0.0025380710659898475
367 whois  0 0.001288659793814433 0 0.001288659793814433 1 0.0036319612590799033 0 0.0025380710659898475
368 why  0 0.001288659793814433 0 0.001288659793814433 2 0.006053268765133172 0 0.0025380710659898475
369 winning  1 0.003865979381443299 0 0.001288659793814433 0 0.0012106537530266344 0 0.0025380710659898475
370 wire  0 0.001288659793814433 1 0.003865979381443299 0 0.0012106537530266344 0 0.0025380710659898475
371 with  2 0.006443298969072165 4 0.011597938144329897 0 0.0012106537530266344 0 0.0025380710659898475
372 without  1 0.003865979381443299 1 0.003865979381443299 0 0.0012106537530266344 0 0.0025380710659898475
373 work  0 0.001288659793814433 0 0.001288659793814433 1 0.0036319612590799033 0 0.0025380710659898475
374 workflow  0 0.001288659793814433 0 0.001288659793814433 1 0.0036319612590799033 0 0.0025380710659898475
375 working  0 0.001288659793814433 0 0.001288659793814433 1 0.0036319612590799033 0 0.0025380710659898475
376 workout  0 0.001288659793814433 1 0.003865979381443299 0 0.0012106537530266344 0 0.0025380710659898475
377 world  1 0.003865979381443299 0 0.001288659793814433 0 0.0012106537530266344 0 0.0025380710659898475
378 would  1 0.003865979381443299 0 0.001288659793814433 1 0.0036319612590799033 0 0.0025380710659898475
379 writing  0 0.001288659793814433 0 0.001288659793814433 1 0.0036319612590799033 0 0.0025380710659898475
380 xmpp  0 0.001288659793814433 1 0.003865979381443299 0 0.0012106537530266344 0 0.0025380710659898475
381 yet  1 0.003865979381443299 0 0.001288659793814433 0 0.0012106537530266344 0 0.0025380710659898475
382 you  1 0.003865979381443299 1 0.003865979381443299 11 0.02784503631961259 0 0.0025380710659898475
383 your  2 0.006443298969072165 3 0.00902061855670103 2 0.006053268765133172 0 0.0025380710659898475
384 yummy  0 0.001288659793814433 1 0.003865979381443299 0 0.0012106537530266344 0 0.0025380710659898475
