0   4 0.010392609699769052 0 0.0010309278350515464 0 0.0010416666666666667 0 0.002109704641350211
1 %  0 0.0011547344110854503 0 0.0010309278350515464 1 0.003125 0 0.002109704641350211
2 .  1 0.003464203233256351 2 0.005154639175257732 2 0.005208333333333333 0 0.002109704641350211
3 .class  1 0.003464203233256351 0 0.0010309278350515464 0 0.0010416666666666667 0 0.002109704641350211
4 ?  3 0.008083140877598153 0 0.0010309278350515464 26 0.05520833333333333 0 0.002109704641350211
5 `  2 0.005773672055427252 0 0.0010309278350515464 0 0.0010416666666666667 0 0.002109704641350211
6 accept  0 0.0011547344110854503 1 0.003092783505154639 0 0.0010416666666666667 0 0.002109704641350211
7 access  0 0.0011547344110854503 2 0.005154639175257732 0 0.0010416666666666667 0 0.002109704641350211
8 activity  0 0.0011547344110854503 1 0.003092783505154639 0 0.0010416666666666667 0 0.002109704641350211
9 actuator  1 0.003464203233256351 0 0.0010309278350515464 0 0.0010416666666666667 0 0.002109704641350211
10 addresses  0 0.0011547344110854503 1 0.003092783505154639 0 0.0010416666666666667 0 0.002109704641350211
11 adds  0 0.0011547344110854503 1 0.003092783505154639 0 0.0010416666666666667 0 0.002109704641350211
12 advise  0 0.0011547344110854503 0 0.0010309278350515464 1 0.003125 0 0.002109704641350211
13 agenices  0 0.0011547344110854503 0 0.0010309278350515464 1 0.003125 0 0.002109704641350211
14 aggregate  0 0.0011547344110854503 1 0.003092783505154639 0 0.0010416666666666667 0 0.002109704641350211
15 ai  1 0.003464203233256351 0 0.0010309278350515464 0 0.0010416666666666667 0 0.002109704641350211
16 airbnb  1 0.003464203233256351 0 0.0010309278350515464 0 0.0010416666666666667 0 0.002109704641350211
17 airport  1 0.003464203233256351 0 0.0010309278350515464 0 0.0010416666666666667 0 0.002109704641350211
18 alexa  1 0.003464203233256351 1 0.003092783505154639 0 0.0010416666666666667 0 0.002109704641350211
19 almost  1 0.003464203233256351 0 0.0010309278350515464 0 0.0010416666666666667 0 0.002109704641350211
20 amazon  1 0.003464203233256351 0 0.0010309278350515464 0 0.0010416666666666667 0 0.002109704641350211
21 amicus  1 0.003464203233256351 0 0.0010309278350515464 0 0.0010416666666666667 0 0.002109704641350211
22 among  0 0.0011547344110854503 0 0.0010309278350515464 1 0.003125 0 0.002109704641350211
23 anything  1 0.003464203233256351 0 0.0010309278350515464 0 0.0010416666666666667 0 0.002109704641350211
24 api  0 0.0011547344110854503 2 0.005154639175257732 1 0.003125 0 0.002109704641350211
25 apollo  0 0.0011547344110854503 1 0.003092783505154639 0 0.0010416666666666667 0 0.002109704641350211
26 app  1 0.003464203233256351 0 0.0010309278350515464 0 0.0010416666666666667 0 0.002109704641350211
27 apps  0 0.0011547344110854503 1 0.003092783505154639 0 0.0010416666666666667 0 0.002109704641350211
28 arbitrage  0 0.0011547344110854503 1 0.003092783505154639 0 0.0010416666666666667 0 0.002109704641350211
29 area  0 0.0011547344110854503 0 0.0010309278350515464 1 0.003125 0 0.002109704641350211
30 arista  1 0.003464203233256351 0 0.0010309278350515464 0 0.0010416666666666667 0 0.002109704641350211
31 around  1 0.003464203233256351 0 0.0010309278350515464 0 0.0010416666666666667 0 0.002109704641350211
32 ask  0 0.0011547344110854503 1 0.003092783505154639 33 0.06979166666666667 0 0.002109704641350211
33 assistant  1 0.003464203233256351 0 0.0010309278350515464 0 0.0010416666666666667 0 0.002109704641350211
34 asteroid  1 0.003464203233256351 0 0.0010309278350515464 0 0.0010416666666666667 0 0.002109704641350211
35 attack  0 0.0011547344110854503 0 0.0010309278350515464 1 0.003125 0 0.002109704641350211
36 attract  1 0.003464203233256351 0 0.0010309278350515464 0 0.0010416666666666667 0 0.002109704641350211
37 author  0 0.0011547344110854503 0 0.0010309278350515464 1 0.003125 0 0.002109704641350211
38 aws  2 0.005773672055427252 0 0.0010309278350515464 1 0.003125 0 0.002109704641350211
39 bait  0 0.0011547344110854503 0 0.0010309278350515464 1 0.003125 0 0.002109704641350211
40 bare  0 0.0011547344110854503 1 0.003092783505154639 0 0.0010416666666666667 0 0.002109704641350211
41 bars  1 0.003464203233256351 0 0.0010309278350515464 0 0.0010416666666666667 0 0.002109704641350211
42 based  0 0.0011547344110854503 1 0.003092783505154639 0 0.0010416666666666667 0 0.002109704641350211
43 bash  1 0.003464203233256351 0 0.0010309278350515464 0 0.0010416666666666667 0 0.002109704641350211
44 battleships  0 0.0011547344110854503 1 0.003092783505154639 0 0.0010416666666666667 0 0.002109704641350211
45 battling  0 0.0011547344110854503 1 0.003092783505154639 0 0.0010416666666666667 0 0.002109704641350211
46 bay  0 0.0011547344110854503 0 0.0010309278350515464 1 0.003125 0 0.002109704641350211
47 beat  1 0.003464203233256351 0 0.0010309278350515464 0 0.0010416666666666667 0 0.002109704641350211
48 become  0 0.0011547344110854503 0 0.0010309278350515464 1 0.003125 0 0.002109704641350211
49 better  0 0.0011547344110854503 2 0.005154639175257732 0 0.0010416666666666667 0 0.002109704641350211
50 bias  2 0.005773672055427252 0 0.0010309278350515464 0 0.0010416666666666667 0 0.002109704641350211
51 bitcoin  1 0.003464203233256351 1 0.003092783505154639 1 0.003125 0 0.002109704641350211
52 blockchain  0 0.0011547344110854503 2 0.005154639175257732 0 0.0010416666666666667 0 0.002109704641350211
53 blog  1 0.003464203233256351 0 0.0010309278350515464 0 0.0010416666666666667 0 0.002109704641350211
54 bloggers  0 0.0011547344110854503 0 0.0010309278350515464 1 0.003125 0 0.002109704641350211
55 boogaloo  1 0.003464203233256351 0 0.0010309278350515464 0 0.0010416666666666667 0 0.002109704641350211
56 book  0 0.0011547344110854503 0 0.0010309278350515464 1 0.003125 0 0.002109704641350211
57 bootcamp  0 0.0011547344110854503 1 0.003092783505154639 0 0.0010416666666666667 0 0.002109704641350211
58 boxy  0 0.0011547344110854503 1 0.003092783505154639 0 0.0010416666666666667 0 0.002109704641350211
59 brainfuck  0 0.0011547344110854503 1 0.003092783505154639 0 0.0010416666666666667 0 0.002109704641350211
60 brainfucky  0 0.0011547344110854503 1 0.003092783505154639 0 0.0010416666666666667 0 0.002109704641350211
61 breakthrough  1 0.003464203233256351 0 0.0010309278350515464 0 0.0010416666666666667 0 0.002109704641350211
62 brief  1 0.003464203233256351 0 0.0010309278350515464 0 0.0010416666666666667 0 0.002109704641350211
63 build  1 0.003464203233256351 0 0.0010309278350515464 0 0.0010416666666666667 0 0.002109704641350211
64 building  1 0.003464203233256351 1 0.003092783505154639 0 0.0010416666666666667 0 0.002109704641350211
65 built  0 0.0011547344110854503 1 0.003092783505154639 0 0.0010416666666666667 0 0.002109704641350211
66 ca  0 0.0011547344110854503 0 0.0010309278350515464 1 0.003125 0 0.002109704641350211
67 came  1 0.003464203233256351 0 0.0010309278350515464 0 0.0010416666666666667 0 0.002109704641350211
68 camera  0 0.0011547344110854503 1 0.003092783505154639 0 0.0010416666666666667 0 0.002109704641350211
69 captcha  0 0.0011547344110854503 0 0.0010309278350515464 1 0.003125 0 0.002109704641350211
70 car  1 0.003464203233256351 0 0.0010309278350515464 0 0.0010416666666666667 0 0.002109704641350211
71 change  1 0.003464203233256351 0 0.0010309278350515464 0 0.0010416666666666667 0 0.002109704641350211
72 changer  1 0.003464203233256351 0 0.0010309278350515464 0 0.0010416666666666667 0 0.002109704641350211
73 changing  0 0.0011547344110854503 0 0.0010309278350515464 1 0.003125 0 0.002109704641350211
74 chat  0 0.0011547344110854503 2 0.005154639175257732 0 0.0010416666666666667 0 0.002109704641350211
75 chicken  1 0.003464203233256351 0 0.0010309278350515464 0 0.0010416666666666667 0 0.002109704641350211
76 cisco  1 0.003464203233256351 0 0.0010309278350515464 0 0.0010416666666666667 0 0.002109704641350211
77 cli  0 0.0011547344110854503 1 0.003092783505154639 0 0.0010416666666666667 0 0.002109704641350211
78 click  0 0.0011547344110854503 0 0.0010309278350515464 1 0.003125 0 0.002109704641350211
79 client  0 0.0011547344110854503 2 0.005154639175257732 0 0.0010416666666666667 0 0.002109704641350211
80 clients  0 0.0011547344110854503 0 0.0010309278350515464 1 0.003125 0 0.002109704641350211
81 code  0 0.0011547344110854503 0 0.0010309278350515464 1 0.003125 0 0.002109704641350211
82 communities  0 0.0011547344110854503 0 0.0010309278350515464 1 0.003125 0 0.002109704641350211
83 community  1 0.003464203233256351 0 0.0010309278350515464 0 0.0010416666666666667 0 0.002109704641350211
84 companion  0 0.0011547344110854503 1 0.003092783505154639 0 0.0010416666666666667 0 0.002109704641350211
85 company  0 0.0011547344110854503 0 0.0010309278350515464 1 0.003125 0 0.002109704641350211
86 compiled  1 0.003464203233256351 0 0.0010309278350515464 0 0.0010416666666666667 0 0.002109704641350211
87 component  0 0.0011547344110854503 1 0.003092783505154639 0 0.0010416666666666667 0 0.002109704641350211
88 computer  1 0.003464203233256351 0 0.0010309278350515464 1 0.003125 0 0.002109704641350211
89 connect  0 0.0011547344110854503 1 0.003092783505154639 0 0.0010416666666666667 0 0.002109704641350211
90 conservancy  1 0.003464203233256351 0 0.0010309278350515464 0 0.0010416666666666667 0 0.002109704641350211
91 consider  0 0.0011547344110854503 0 0.0010309278350515464 1 0.003125 0 0.002109704641350211
92 contributors  1 0.003464203233256351 0 0.0010309278350515464 0 0.0010416666666666667 0 0.002109704641350211
93 cover  0 0.0011547344110854503 0 0.0010309278350515464 1 0.003125 0 0.002109704641350211
94 cqrs  1 0.003464203233256351 0 0.0010309278350515464 0 0.0010416666666666667 0 0.002109704641350211
95 crypto  0 0.0011547344110854503 1 0.003092783505154639 0 0.0010416666666666667 0 0.002109704641350211
96 cryptocurrencies  1 0.003464203233256351 0 0.0010309278350515464 0 0.0010416666666666667 0 0.002109704641350211
97 cryptocurrency  0 0.0011547344110854503 1 0.003092783505154639 0 0.0010416666666666667 0 0.002109704641350211
98 css  1 0.003464203233256351 2 0.005154639175257732 1 0.003125 0 0.002109704641350211
99 curves/bitcoin  0 0.0011547344110854503 1 0.003092783505154639 0 0.0010416666666666667 0 0.002109704641350211
100 data  0 0.0011547344110854503 3 0.007216494845360825 1 0.003125 0 0.002109704641350211
101 database  0 0.0011547344110854503 0 0.0010309278350515464 2 0.005208333333333333 0 0.002109704641350211
102 date  0 0.0011547344110854503 1 0.003092783505154639 0 0.0010416666666666667 0 0.002109704641350211
103 dateomatic  0 0.0011547344110854503 1 0.003092783505154639 0 0.0010416666666666667 0 0.002109704641350211
104 days  1 0.003464203233256351 0 0.0010309278350515464 0 0.0010416666666666667 0 0.002109704641350211
105 dc  1 0.003464203233256351 0 0.0010309278350515464 0 0.0010416666666666667 0 0.002109704641350211
106 debate  1 0.003464203233256351 0 0.0010309278350515464 0 0.0010416666666666667 0 0.002109704641350211
107 december  1 0.003464203233256351 0 0.0010309278350515464 0 0.0010416666666666667 0 0.002109704641350211
108 decentralized  0 0.0011547344110854503 3 0.007216494845360825 0 0.0010416666666666667 0 0.002109704641350211
109 deliveries  1 0.003464203233256351 0 0.0010309278350515464 0 0.0010416666666666667 0 0.002109704641350211
110 deploying  0 0.0011547344110854503 0 0.0010309278350515464 1 0.003125 0 0.002109704641350211
111 designers  0 0.0011547344110854503 1 0.003092783505154639 0 0.0010416666666666667 0 0.002109704641350211
112 desktop  1 0.003464203233256351 1 0.003092783505154639 0 0.0010416666666666667 0 0.002109704641350211
113 determine  0 0.0011547344110854503 0 0.0010309278350515464 1 0.003125 0 0.002109704641350211
114 developing  1 0.003464203233256351 0 0.0010309278350515464 0 0.0010416666666666667 0 0.002109704641350211
115 digital  2 0.005773672055427252 0 0.0010309278350515464 0 0.0010416666666666667 0 0.002109704641350211
116 dinner  1 0.003464203233256351 0 0.0010309278350515464 0 0.0010416666666666667 0 0.002109704641350211
117 dino  0 0.0011547344110854503 1 0.003092783505154639 0 0.0010416666666666667 0 0.002109704641350211
118 discover  0 0.0011547344110854503 1 0.003092783505154639 0 0.0010416666666666667 0 0.002109704641350211
119 discuss  0 0.0011547344110854503 0 0.0010309278350515464 1 0.003125 0 0.002109704641350211
120 display  1 0.003464203233256351 0 0.0010309278350515464 0 0.0010416666666666667 0 0.002109704641350211
121 docs  0 0.0011547344110854503 1 0.003092783505154639 0 0.0010416666666666667 0 0.002109704641350211
122 download  1 0.003464203233256351 0 0.0010309278350515464 0 0.0010416666666666667 0 0.002109704641350211
123 dozens  0 0.0011547344110854503 0 0.0010309278350515464 1 0.003125 0 0.002109704641350211
124 driven  1 0.003464203233256351 0 0.0010309278350515464 0 0.0010416666666666667 0 0.002109704641350211
125 drug  0 0.0011547344110854503 0 0.0010309278350515464 1 0.003125 0 0.002109704641350211
126 dynamic  0 0.0011547344110854503 1 0.003092783505154639 0 0.0010416666666666667 0 0.002109704641350211
127 editor  0 0.0011547344110854503 1 0.003092783505154639 0 0.0010416666666666667 0 0.002109704641350211
128 editors  1 0.003464203233256351 0 0.0010309278350515464 0 0.0010416666666666667 0 0.002109704641350211
129 egg  1 0.003464203233256351 0 0.0010309278350515464 0 0.0010416666666666667 0 0.002109704641350211
130 else  0 0.0011547344110854503 0 0.0010309278350515464 1 0.003125 0 0.002109704641350211
131 email  0 0.0011547344110854503 1 0.003092783505154639 0 0.0010416666666666667 0 0.002109704641350211
132 embarassing  0 0.0011547344110854503 1 0.003092783505154639 0 0.0010416666666666667 0 0.002109704641350211
133 embody  1 0.003464203233256351 0 0.0010309278350515464 0 0.0010416666666666667 0 0.002109704641350211
134 eng  0 0.0011547344110854503 0 0.0010309278350515464 1 0.003125 0 0.002109704641350211
135 engineer  0 0.0011547344110854503 0 0.0010309278350515464 1 0.003125 0 0.002109704641350211
136 enlarge  0 0.0011547344110854503 1 0.003092783505154639 0 0.0010416666666666667 0 0.002109704641350211
137 etherbots  0 0.0011547344110854503 1 0.003092783505154639 0 0.0010416666666666667 0 0.002109704641350211
138 ethereum  1 0.003464203233256351 2 0.005154639175257732 0 0.0010416666666666667 0 0.002109704641350211
139 evaluation  0 0.0011547344110854503 1 0.003092783505154639 0 0.0010416666666666667 0 0.002109704641350211
140 ever  0 0.0011547344110854503 0 0.0010309278350515464 1 0.003125 0 0.002109704641350211
141 ewan  0 0.0011547344110854503 0 0.0010309278350515464 0 0.0010416666666666667 3 0.014767932489451477
142 feedback  1 0.003464203233256351 0 0.0010309278350515464 0 0.0010416666666666667 0 0.002109704641350211
143 feeling  0 0.0011547344110854503 0 0.0010309278350515464 1 0.003125 0 0.002109704641350211
144 field  0 0.0011547344110854503 0 0.0010309278350515464 1 0.003125 0 0.002109704641350211
145 file  1 0.003464203233256351 0 0.0010309278350515464 0 0.0010416666666666667 0 0.002109704641350211
146 finally  1 0.003464203233256351 0 0.0010309278350515464 0 0.0010416666666666667 0 0.002109704641350211
147 finance  1 0.003464203233256351 0 0.0010309278350515464 0 0.0010416666666666667 0 0.002109704641350211
148 find  0 0.0011547344110854503 0 0.0010309278350515464 1 0.003125 0 0.002109704641350211
149 first  1 0.003464203233256351 0 0.0010309278350515464 0 0.0010416666666666667 0 0.002109704641350211
150 fishing  1 0.003464203233256351 0 0.0010309278350515464 0 0.0010416666666666667 0 0.002109704641350211
151 flexe  1 0.003464203233256351 0 0.0010309278350515464 0 0.0010416666666666667 0 0.002109704641350211
152 form  0 0.0011547344110854503 0 0.0010309278350515464 1 0.003125 0 0.002109704641350211
153 foundation  1 0.003464203233256351 0 0.0010309278350515464 0 0.0010416666666666667 0 0.002109704641350211
154 framework  0 0.0011547344110854503 1 0.003092783505154639 0 0.0010416666666666667 0 0.002109704641350211
155 frameworks  0 0.0011547344110854503 0 0.0010309278350515464 1 0.003125 0 0.002109704641350211
156 free  0 0.0011547344110854503 1 0.003092783505154639 1 0.003125 0 0.002109704641350211
157 friendly  0 0.0011547344110854503 1 0.003092783505154639 0 0.0010416666666666667 0 0.002109704641350211
158 friends  0 0.0011547344110854503 0 0.0010309278350515464 1 0.003125 0 0.002109704641350211
159 function  1 0.003464203233256351 1 0.003092783505154639 0 0.0010416666666666667 0 0.002109704641350211
160 fund  1 0.003464203233256351 0 0.0010309278350515464 0 0.0010416666666666667 0 0.002109704641350211
161 future  0 0.0011547344110854503 0 0.0010309278350515464 1 0.003125 0 0.002109704641350211
162 futures  1 0.003464203233256351 0 0.0010309278350515464 0 0.0010416666666666667 0 0.002109704641350211
163 game  1 0.003464203233256351 1 0.003092783505154639 0 0.0010416666666666667 0 0.002109704641350211
164 games  0 0.0011547344110854503 1 0.003092783505154639 0 0.0010416666666666667 0 0.002109704641350211
165 gdax  0 0.0011547344110854503 1 0.003092783505154639 0 0.0010416666666666667 0 0.002109704641350211
166 generator  0 0.0011547344110854503 1 0.003092783505154639 0 0.0010416666666666667 0 0.002109704641350211
167 get  0 0.0011547344110854503 1 0.003092783505154639 0 0.0010416666666666667 0 0.002109704641350211
168 github  0 0.0011547344110854503 1 0.003092783505154639 1 0.003125 0 0.002109704641350211
169 gitlab  0 0.0011547344110854503 0 0.0010309278350515464 1 0.003125 0 0.002109704641350211
170 goal  1 0.003464203233256351 0 0.0010309278350515464 0 0.0010416666666666667 0 0.002109704641350211
171 goes  1 0.003464203233256351 0 0.0010309278350515464 0 0.0010416666666666667 0 0.002109704641350211
172 good  0 0.0011547344110854503 0 0.0010309278350515464 1 0.003125 0 0.002109704641350211
173 google  2 0.005773672055427252 0 0.0010309278350515464 1 0.003125 0 0.002109704641350211
174 graph  0 0.0011547344110854503 0 0.0010309278350515464 1 0.003125 0 0.002109704641350211
175 graphics  1 0.003464203233256351 0 0.0010309278350515464 0 0.0010416666666666667 0 0.002109704641350211
176 graphql  0 0.0011547344110854503 1 0.003092783505154639 0 0.0010416666666666667 0 0.002109704641350211
177 grids  0 0.0011547344110854503 1 0.003092783505154639 0 0.0010416666666666667 0 0.002109704641350211
178 grow  0 0.0011547344110854503 0 0.0010309278350515464 1 0.003125 0 0.002109704641350211
179 guest  0 0.0011547344110854503 1 0.003092783505154639 0 0.0010416666666666667 0 0.002109704641350211
180 hackers  1 0.003464203233256351 0 0.0010309278350515464 0 0.0010416666666666667 0 0.002109704641350211
181 handy  1 0.003464203233256351 0 0.0010309278350515464 0 0.0010416666666666667 0 0.002109704641350211
182 happen  1 0.003464203233256351 0 0.0010309278350515464 0 0.0010416666666666667 0 0.002109704641350211
183 hardware  0 0.0011547344110854503 0 0.0010309278350515464 1 0.003125 0 0.002109704641350211
184 hear  1 0.003464203233256351 0 0.0010309278350515464 0 0.0010416666666666667 0 0.002109704641350211
185 help  1 0.003464203233256351 1 0.003092783505154639 1 0.003125 0 0.002109704641350211
186 hijacking  1 0.003464203233256351 0 0.0010309278350515464 0 0.0010416666666666667 0 0.002109704641350211
187 hire  0 0.0011547344110854503 0 0.0010309278350515464 1 0.003125 0 0.002109704641350211
188 historical  0 0.0011547344110854503 0 0.0010309278350515464 1 0.003125 0 0.002109704641350211
189 hn  0 0.0011547344110854503 33 0.06907216494845361 34 0.071875 0 0.002109704641350211
190 hooks  0 0.0011547344110854503 1 0.003092783505154639 0 0.0010416666666666667 0 0.002109704641350211
191 html  0 0.0011547344110854503 1 0.003092783505154639 0 0.0010416666666666667 0 0.002109704641350211
192 http  0 0.0011547344110854503 1 0.003092783505154639 0 0.0010416666666666667 0 0.002109704641350211
193 human  1 0.003464203233256351 0 0.0010309278350515464 0 0.0010416666666666667 0 0.002109704641350211
194 hydrogen  1 0.003464203233256351 0 0.0010309278350515464 0 0.0010416666666666667 0 0.002109704641350211
195 hyperapp  0 0.0011547344110854503 1 0.003092783505154639 0 0.0010416666666666667 0 0.002109704641350211
196 iii  1 0.003464203233256351 0 0.0010309278350515464 0 0.0010416666666666667 0 0.002109704641350211
197 image  0 0.0011547344110854503 1 0.003092783505154639 0 0.0010416666666666667 0 0.002109704641350211
198 images  0 0.0011547344110854503 1 0.003092783505154639 0 0.0010416666666666667 0 0.002109704641350211
199 implementation  0 0.0011547344110854503 1 0.003092783505154639 0 0.0010416666666666667 0 0.002109704641350211
200 important  0 0.0011547344110854503 0 0.0010309278350515464 1 0.003125 0 0.002109704641350211
201 improve  0 0.0011547344110854503 0 0.0010309278350515464 1 0.003125 0 0.002109704641350211
202 including  0 0.0011547344110854503 0 0.0010309278350515464 1 0.003125 0 0.002109704641350211
203 india  1 0.003464203233256351 0 0.0010309278350515464 0 0.0010416666666666667 0 0.002109704641350211
204 information  0 0.0011547344110854503 0 0.0010309278350515464 1 0.003125 0 0.002109704641350211
205 insecure  0 0.0011547344110854503 0 0.0010309278350515464 1 0.003125 0 0.002109704641350211
206 install  1 0.003464203233256351 0 0.0010309278350515464 0 0.0010416666666666667 0 0.002109704641350211
207 interesting  0 0.0011547344110854503 0 0.0010309278350515464 1 0.003125 0 0.002109704641350211
208 interpreter  0 0.0011547344110854503 1 0.003092783505154639 0 0.0010416666666666667 0 0.002109704641350211
209 intersection  1 0.003464203233256351 0 0.0010309278350515464 0 0.0010416666666666667 0 0.002109704641350211
210 interstellar  1 0.003464203233256351 0 0.0010309278350515464 0 0.0010416666666666667 0 0.002109704641350211
211 interviews  0 0.0011547344110854503 0 0.0010309278350515464 1 0.003125 0 0.002109704641350211
212 introducing  1 0.003464203233256351 1 0.003092783505154639 0 0.0010416666666666667 0 0.002109704641350211
213 ios  0 0.0011547344110854503 2 0.005154639175257732 0 0.0010416666666666667 0 0.002109704641350211
214 ip  0 0.0011547344110854503 0 0.0010309278350515464 1 0.003125 0 0.002109704641350211
215 ipfs  0 0.0011547344110854503 1 0.003092783505154639 0 0.0010416666666666667 0 0.002109704641350211
216 javascript  0 0.0011547344110854503 2 0.005154639175257732 0 0.0010416666666666667 0 0.002109704641350211
217 jdk  1 0.003464203233256351 0 0.0010309278350515464 0 0.0010416666666666667 0 0.002109704641350211
218 jobs  1 0.003464203233256351 0 0.0010309278350515464 1 0.003125 0 0.002109704641350211
219 joins  1 0.003464203233256351 0 0.0010309278350515464 0 0.0010416666666666667 0 0.002109704641350211
220 js  0 0.0011547344110854503 1 0.003092783505154639 0 0.0010416666666666667 0 0.002109704641350211
221 junior  0 0.0011547344110854503 0 0.0010309278350515464 1 0.003125 0 0.002109704641350211
222 kb  0 0.0011547344110854503 1 0.003092783505154639 0 0.0010416666666666667 0 0.002109704641350211
223 kde  1 0.003464203233256351 0 0.0010309278350515464 0 0.0010416666666666667 0 0.002109704641350211
224 keep  0 0.0011547344110854503 0 0.0010309278350515464 1 0.003125 0 0.002109704641350211
225 keylogger  0 0.0011547344110854503 1 0.003092783505154639 0 0.0010416666666666667 0 0.002109704641350211
226 keys  0 0.0011547344110854503 0 0.0010309278350515464 1 0.003125 0 0.002109704641350211
227 khz  0 0.0011547344110854503 0 0.0010309278350515464 1 0.003125 0 0.002109704641350211
228 know  0 0.0011547344110854503 0 0.0010309278350515464 1 0.003125 0 0.002109704641350211
229 kraken  0 0.0011547344110854503 1 0.003092783505154639 0 0.0010416666666666667 0 0.002109704641350211
230 kubernetes  1 0.003464203233256351 0 0.0010309278350515464 0 0.0010416666666666667 0 0.002109704641350211
231 la  0 0.0011547344110854503 0 0.0010309278350515464 0 0.0010416666666666667 3 0.014767932489451477
232 labeling  0 0.0011547344110854503 1 0.003092783505154639 0 0.0010416666666666667 0 0.002109704641350211
233 lambda  1 0.003464203233256351 0 0.0010309278350515464 0 0.0010416666666666667 0 0.002109704641350211
234 laravel  1 0.003464203233256351 0 0.0010309278350515464 0 0.0010416666666666667 0 0.002109704641350211
235 layouts  0 0.0011547344110854503 1 0.003092783505154639 0 0.0010416666666666667 0 0.002109704641350211
236 league  0 0.0011547344110854503 1 0.003092783505154639 0 0.0010416666666666667 0 0.002109704641350211
237 learning  0 0.0011547344110854503 1 0.003092783505154639 0 0.0010416666666666667 0 0.002109704641350211
238 learnt  1 0.003464203233256351 0 0.0010309278350515464 0 0.0010416666666666667 0 0.002109704641350211
239 least  0 0.0011547344110854503 0 0.0010309278350515464 1 0.003125 0 0.002109704641350211
240 legal  1 0.003464203233256351 0 0.0010309278350515464 0 0.0010416666666666667 0 0.002109704641350211
241 lending  0 0.0011547344110854503 1 0.003092783505154639 0 0.0010416666666666667 0 0.002109704641350211
242 library  1 0.003464203233256351 2 0.005154639175257732 1 0.003125 0 0.002109704641350211
243 like  0 0.0011547344110854503 0 0.0010309278350515464 1 0.003125 0 0.002109704641350211
244 likes  0 0.0011547344110854503 0 0.0010309278350515464 0 0.0010416666666666667 1 0.006329113924050633
245 listing  0 0.0011547344110854503 1 0.003092783505154639 0 0.0010416666666666667 0 0.002109704641350211
246 locationbased  0 0.0011547344110854503 1 0.003092783505154639 0 0.0010416666666666667 0 0.002109704641350211
247 looking  0 0.0011547344110854503 0 0.0010309278350515464 1 0.003125 0 0.002109704641350211
248 losing  1 0.003464203233256351 1 0.003092783505154639 0 0.0010416666666666667 0 0.002109704641350211
249 love  1 0.003464203233256351 0 0.0010309278350515464 0 0.0010416666666666667 0 0.002109704641350211
250 low  0 0.0011547344110854503 0 0.0010309278350515464 1 0.003125 0 0.002109704641350211
251 lynch  1 0.003464203233256351 0 0.0010309278350515464 0 0.0010416666666666667 0 0.002109704641350211
252 machine  0 0.0011547344110854503 1 0.003092783505154639 0 0.0010416666666666667 0 0.002109704641350211
253 manage  0 0.0011547344110854503 1 0.003092783505154639 1 0.003125 0 0.002109704641350211
254 manager  0 0.0011547344110854503 0 0.0010309278350515464 1 0.003125 0 0.002109704641350211
255 map  0 0.0011547344110854503 1 0.003092783505154639 0 0.0010416666666666667 0 0.002109704641350211
256 marketers  0 0.0011547344110854503 1 0.003092783505154639 0 0.0010416666666666667 0 0.002109704641350211
257 marketplaces  1 0.003464203233256351 0 0.0010309278350515464 0 0.0010416666666666667 0 0.002109704641350211
258 mass  1 0.003464203233256351 0 0.0010309278350515464 0 0.0010416666666666667 0 0.002109704641350211
259 media/individual  0 0.0011547344110854503 0 0.0010309278350515464 1 0.003125 0 0.002109704641350211
260 merrill  1 0.003464203233256351 0 0.0010309278350515464 0 0.0010416666666666667 0 0.002109704641350211
261 metal  0 0.0011547344110854503 1 0.003092783505154639 0 0.0010416666666666667 0 0.002109704641350211
262 microservices  0 0.0011547344110854503 0 0.0010309278350515464 1 0.003125 0 0.002109704641350211
263 microwave  1 0.003464203233256351 0 0.0010309278350515464 0 0.0010416666666666667 0 0.002109704641350211
264 mind  1 0.003464203233256351 0 0.0010309278350515464 0 0.0010416666666666667 0 0.002109704641350211
265 mindless  0 0.0011547344110854503 1 0.003092783505154639 0 0.0010416666666666667 0 0.002109704641350211
266 minister  1 0.003464203233256351 0 0.0010309278350515464 0 0.0010416666666666667 0 0.002109704641350211
267 minute  1 0.003464203233256351 0 0.0010309278350515464 0 0.0010416666666666667 0 0.002109704641350211
268 mirai  1 0.003464203233256351 0 0.0010309278350515464 0 0.0010416666666666667 0 0.002109704641350211
269 ml  0 0.0011547344110854503 0 0.0010309278350515464 1 0.003125 0 0.002109704641350211
270 mobile  1 0.003464203233256351 0 0.0010309278350515464 0 0.0010416666666666667 0 0.002109704641350211
271 mockttp  0 0.0011547344110854503 1 0.003092783505154639 0 0.0010416666666666667 0 0.002109704641350211
272 modern  0 0.0011547344110854503 1 0.003092783505154639 0 0.0010416666666666667 0 0.002109704641350211
273 much  0 0.0011547344110854503 0 0.0010309278350515464 1 0.003125 0 0.002109704641350211
274 multi  1 0.003464203233256351 0 0.0010309278350515464 0 0.0010416666666666667 0 0.002109704641350211
275 name  0 0.0011547344110854503 0 0.0010309278350515464 1 0.003125 0 0.002109704641350211
276 national  1 0.003464203233256351 0 0.0010309278350515464 0 0.0010416666666666667 0 0.002109704641350211
277 nearby  0 0.0011547344110854503 1 0.003092783505154639 0 0.0010416666666666667 0 0.002109704641350211
278 new  3 0.008083140877598153 0 0.0010309278350515464 0 0.0010416666666666667 0 0.002109704641350211
279 news  0 0.0011547344110854503 0 0.0010309278350515464 1 0.003125 0 0.002109704641350211
280 nobody  1 0.003464203233256351 0 0.0010309278350515464 0 0.0010416666666666667 0 0.002109704641350211
281 npm  1 0.003464203233256351 0 0.0010309278350515464 0 0.0010416666666666667 0 0.002109704641350211
282 observer  1 0.003464203233256351 0 0.0010309278350515464 0 0.0010416666666666667 0 0.002109704641350211
283 odd  0 0.0011547344110854503 0 0.0010309278350515464 1 0.003125 0 0.002109704641350211
284 old  0 0.0011547344110854503 0 0.0010309278350515464 1 0.003125 0 0.002109704641350211
285 onboarding  1 0.003464203233256351 0 0.0010309278350515464 0 0.0010416666666666667 0 0.002109704641350211
286 online  1 0.003464203233256351 0 0.0010309278350515464 0 0.0010416666666666667 0 0.002109704641350211
287 oo  1 0.003464203233256351 0 0.0010309278350515464 0 0.0010416666666666667 0 0.002109704641350211
288 open  2 0.005773672055427252 0 0.0010309278350515464 0 0.0010416666666666667 0 0.002109704641350211
289 openfaas  0 0.0011547344110854503 1 0.003092783505154639 0 0.0010416666666666667 0 0.002109704641350211
290 os  0 0.0011547344110854503 1 0.003092783505154639 0 0.0010416666666666667 0 0.002109704641350211
291 oumuamua  1 0.003464203233256351 0 0.0010309278350515464 0 0.0010416666666666667 0 0.002109704641350211
292 outdoors/in  0 0.0011547344110854503 0 0.0010309278350515464 1 0.003125 0 0.002109704641350211
293 packer  0 0.0011547344110854503 1 0.003092783505154639 0 0.0010416666666666667 0 0.002109704641350211
294 pacoin  0 0.0011547344110854503 0 0.0010309278350515464 1 0.003125 0 0.002109704641350211
295 painting  1 0.003464203233256351 0 0.0010309278350515464 0 0.0010416666666666667 0 0.002109704641350211
296 part  1 0.003464203233256351 0 0.0010309278350515464 0 0.0010416666666666667 0 0.002109704641350211
297 patents  1 0.003464203233256351 0 0.0010309278350515464 0 0.0010416666666666667 0 0.002109704641350211
298 path  1 0.003464203233256351 0 0.0010309278350515464 0 0.0010416666666666667 0 0.002109704641350211
299 pay  0 0.0011547344110854503 0 0.0010309278350515464 1 0.003125 0 0.002109704641350211
300 payments  0 0.0011547344110854503 1 0.003092783505154639 0 0.0010416666666666667 0 0.002109704641350211
301 pdf  1 0.003464203233256351 1 0.003092783505154639 0 0.0010416666666666667 0 0.002109704641350211
302 peertopeer  1 0.003464203233256351 0 0.0010309278350515464 0 0.0010416666666666667 0 0.002109704641350211
303 performance  1 0.003464203233256351 0 0.0010309278350515464 0 0.0010416666666666667 0 0.002109704641350211
304 places  0 0.0011547344110854503 1 0.003092783505154639 0 0.0010416666666666667 0 0.002109704641350211
305 planet  0 0.0011547344110854503 1 0.003092783505154639 0 0.0010416666666666667 0 0.002109704641350211
306 plans  1 0.003464203233256351 0 0.0010309278350515464 0 0.0010416666666666667 0 0.002109704641350211
307 playcryptogame  0 0.0011547344110854503 1 0.003092783505154639 0 0.0010416666666666667 0 0.002109704641350211
308 please  0 0.0011547344110854503 0 0.0010309278350515464 1 0.003125 0 0.002109704641350211
309 podcast  0 0.0011547344110854503 1 0.003092783505154639 0 0.0010416666666666667 0 0.002109704641350211
310 podfio  0 0.0011547344110854503 1 0.003092783505154639 0 0.0010416666666666667 0 0.002109704641350211
311 poll  0 0.0011547344110854503 0 0.0010309278350515464 0 0.0010416666666666667 3 0.014767932489451477
312 pooing  0 0.0011547344110854503 0 0.0010309278350515464 0 0.0010416666666666667 1 0.006329113924050633
313 possible  1 0.003464203233256351 0 0.0010309278350515464 0 0.0010416666666666667 0 0.002109704641350211
314 post  0 0.0011547344110854503 1 0.003092783505154639 0 0.0010416666666666667 0 0.002109704641350211
315 powerfour  0 0.0011547344110854503 1 0.003092783505154639 0 0.0010416666666666667 0 0.002109704641350211
316 powerful  0 0.0011547344110854503 1 0.003092783505154639 0 0.0010416666666666667 0 0.002109704641350211
317 prepare  0 0.0011547344110854503 0 0.0010309278350515464 1 0.003125 0 0.002109704641350211
318 primarily  0 0.0011547344110854503 0 0.0010309278350515464 1 0.003125 0 0.002109704641350211
319 problem  1 0.003464203233256351 0 0.0010309278350515464 1 0.003125 0 0.002109704641350211
320 production  1 0.003464203233256351 0 0.0010309278350515464 1 0.003125 0 0.002109704641350211
321 products  0 0.0011547344110854503 0 0.0010309278350515464 1 0.003125 0 0.002109704641350211
322 programming  0 0.0011547344110854503 1 0.003092783505154639 1 0.003125 0 0.002109704641350211
323 project  0 0.0011547344110854503 0 0.0010309278350515464 1 0.003125 0 0.002109704641350211
324 protect  0 0.0011547344110854503 0 0.0010309278350515464 1 0.003125 0 0.002109704641350211
325 provisioning  0 0.0011547344110854503 0 0.0010309278350515464 1 0.003125 0 0.002109704641350211
326 psychosis  1 0.003464203233256351 0 0.0010309278350515464 0 0.0010416666666666667 0 0.002109704641350211
327 pure  0 0.0011547344110854503 1 0.003092783505154639 0 0.0010416666666666667 0 0.002109704641350211
328 pursued  1 0.003464203233256351 0 0.0010309278350515464 0 0.0010416666666666667 0 0.002109704641350211
329 python  0 0.0011547344110854503 3 0.007216494845360825 0 0.0010416666666666667 0 0.002109704641350211
330 q  2 0.005773672055427252 0 0.0010309278350515464 0 0.0010416666666666667 0 0.002109704641350211
331 qemuimg  0 0.0011547344110854503 1 0.003092783505154639 0 0.0010416666666666667 0 0.002109704641350211
332 quality  0 0.0011547344110854503 1 0.003092783505154639 1 0.003125 0 0.002109704641350211
333 quantified  0 0.0011547344110854503 1 0.003092783505154639 0 0.0010416666666666667 0 0.002109704641350211
334 questions  0 0.0011547344110854503 0 0.0010309278350515464 1 0.003125 0 0.002109704641350211
335 racing  0 0.0011547344110854503 2 0.005154639175257732 0 0.0010416666666666667 0 0.002109704641350211
336 rats  1 0.003464203233256351 0 0.0010309278350515464 0 0.0010416666666666667 0 0.002109704641350211
337 react  0 0.0011547344110854503 3 0.007216494845360825 0 0.0010416666666666667 0 0.002109704641350211
338 realtime  0 0.0011547344110854503 1 0.003092783505154639 0 0.0010416666666666667 0 0.002109704641350211
339 recruit  0 0.0011547344110854503 0 0.0010309278350515464 1 0.003125 0 0.002109704641350211
340 referer  0 0.0011547344110854503 0 0.0010309278350515464 1 0.003125 0 0.002109704641350211
341 related  0 0.0011547344110854503 0 0.0010309278350515464 1 0.003125 0 0.002109704641350211
342 relax  0 0.0011547344110854503 1 0.003092783505154639 0 0.0010416666666666667 0 0.002109704641350211
343 releases/deployments  0 0.0011547344110854503 0 0.0010309278350515464 1 0.003125 0 0.002109704641350211
344 reliable  0 0.0011547344110854503 0 0.0010309278350515464 1 0.003125 0 0.002109704641350211
345 remote  0 0.0011547344110854503 1 0.003092783505154639 0 0.0010416666666666667 0 0.002109704641350211
346 resources  0 0.0011547344110854503 0 0.0010309278350515464 1 0.003125 0 0.002109704641350211
347 reveal  1 0.003464203233256351 0 0.0010309278350515464 0 0.0010416666666666667 0 0.002109704641350211
348 robots  0 0.0011547344110854503 1 0.003092783505154639 0 0.0010416666666666667 0 0.002109704641350211
349 roll  0 0.0011547344110854503 1 0.003092783505154639 0 0.0010416666666666667 0 0.002109704641350211
350 roundup  1 0.003464203233256351 0 0.0010309278350515464 0 0.0010416666666666667 0 0.002109704641350211
351 rsa/elliptic  0 0.0011547344110854503 1 0.003092783505154639 0 0.0010416666666666667 0 0.002109704641350211
352 saas  0 0.0011547344110854503 1 0.003092783505154639 0 0.0010416666666666667 0 0.002109704641350211
353 salary  0 0.0011547344110854503 0 0.0010309278350515464 1 0.003125 0 0.002109704641350211
354 science  0 0.0011547344110854503 0 0.0010309278350515464 1 0.003125 0 0.002109704641350211
355 screeny  0 0.0011547344110854503 1 0.003092783505154639 0 0.0010416666666666667 0 0.002109704641350211
356 seagate  1 0.003464203233256351 0 0.0010309278350515464 0 0.0010416666666666667 0 0.002109704641350211
357 search  0 0.0011547344110854503 0 0.0010309278350515464 1 0.003125 0 0.002109704641350211
358 secrets  0 0.0011547344110854503 0 0.0010309278350515464 1 0.003125 0 0.002109704641350211
359 sector  0 0.0011547344110854503 0 0.0010309278350515464 1 0.003125 0 0.002109704641350211
360 sensing  0 0.0011547344110854503 1 0.003092783505154639 0 0.0010416666666666667 0 0.002109704641350211
361 seqeval  0 0.0011547344110854503 1 0.003092783505154639 0 0.0010416666666666667 0 0.002109704641350211
362 sequence  0 0.0011547344110854503 1 0.003092783505154639 0 0.0010416666666666667 0 0.002109704641350211
363 settings  0 0.0011547344110854503 0 0.0010309278350515464 1 0.003125 0 0.002109704641350211
364 shipping  1 0.003464203233256351 0 0.0010309278350515464 0 0.0010416666666666667 0 0.002109704641350211
365 shortener  1 0.003464203233256351 0 0.0010309278350515464 0 0.0010416666666666667 0 0.002109704641350211
366 show  0 0.0011547344110854503 33 0.06907216494845361 0 0.0010416666666666667 0 0.002109704641350211
367 silent  0 0.0011547344110854503 0 0.0010309278350515464 1 0.003125 0 0.002109704641350211
368 sketchpad  1 0.003464203233256351 0 0.0010309278350515464 0 0.0010416666666666667 0 0.002109704641350211
369 small  0 0.0011547344110854503 0 0.0010309278350515464 1 0.003125 0 0.002109704641350211
370 snooping  1 0.003464203233256351 0 0.0010309278350515464 0 0.0010416666666666667 0 0.002109704641350211
371 software  0 0.0011547344110854503 0 0.0010309278350515464 2 0.005208333333333333 0 0.002109704641350211
372 solutions  0 0.0011547344110854503 0 0.0010309278350515464 1 0.003125 0 0.002109704641350211
373 sooner  1 0.003464203233256351 0 0.0010309278350515464 0 0.0010416666666666667 0 0.002109704641350211
374 source  2 0.005773672055427252 1 0.003092783505154639 0 0.0010416666666666667 0 0.002109704641350211
375 sources  0 0.0011547344110854503 0 0.0010309278350515464 1 0.003125 0 0.002109704641350211
376 spot  0 0.0011547344110854503 0 0.0010309278350515464 1 0.003125 0 0.002109704641350211
377 startup  0 0.0011547344110854503 0 0.0010309278350515464 1 0.003125 0 0.002109704641350211
378 startups  0 0.0011547344110854503 0 0.0010309278350515464 2 0.005208333333333333 0 0.002109704641350211
379 states  1 0.003464203233256351 0 0.0010309278350515464 0 0.0010416666666666667 0 0.002109704641350211
380 statuspage  0 0.0011547344110854503 1 0.003092783505154639 0 0.0010416666666666667 0 0.002109704641350211
381 straight  1 0.003464203233256351 0 0.0010309278350515464 0 0.0010416666666666667 0 0.002109704641350211
382 streamlined  1 0.003464203233256351 0 0.0010309278350515464 0 0.0010416666666666667 0 0.002109704641350211
383 stuck  0 0.0011547344110854503 0 0.0010309278350515464 1 0.003125 0 0.002109704641350211
384 success  0 0.0011547344110854503 0 0.0010309278350515464 1 0.003125 0 0.002109704641350211
385 suggestions  0 0.0011547344110854503 0 0.0010309278350515464 1 0.003125 0 0.002109704641350211
386 surprised  0 0.0011547344110854503 0 0.0010309278350515464 1 0.003125 0 0.002109704641350211
387 svg  0 0.0011547344110854503 1 0.003092783505154639 0 0.0010416666666666667 0 0.002109704641350211
388 sw  0 0.0011547344110854503 0 0.0010309278350515464 1 0.003125 0 0.002109704641350211
389 tailwind  1 0.003464203233256351 0 0.0010309278350515464 0 0.0010416666666666667 0 0.002109704641350211
390 teaching  0 0.0011547344110854503 0 0.0010309278350515464 1 0.003125 0 0.002109704641350211
391 tech  1 0.003464203233256351 0 0.0010309278350515464 2 0.005208333333333333 0 0.002109704641350211
392 technology  2 0.005773672055427252 0 0.0010309278350515464 0 0.0010416666666666667 0 0.002109704641350211
393 templates  0 0.0011547344110854503 1 0.003092783505154639 0 0.0010416666666666667 0 0.002109704641350211
394 ten  1 0.003464203233256351 0 0.0010309278350515464 0 0.0010416666666666667 0 0.002109704641350211
395 tender  1 0.003464203233256351 0 0.0010309278350515464 0 0.0010416666666666667 0 0.002109704641350211
396 terminal  1 0.003464203233256351 0 0.0010309278350515464 0 0.0010416666666666667 0 0.002109704641350211
397 tesla  1 0.003464203233256351 0 0.0010309278350515464 0 0.0010416666666666667 0 0.002109704641350211
398 testing  0 0.0011547344110854503 1 0.003092783505154639 0 0.0010416666666666667 0 0.002109704641350211
399 think  1 0.003464203233256351 0 0.0010309278350515464 0 0.0010416666666666667 0 0.002109704641350211
400 thousands  0 0.0011547344110854503 1 0.003092783505154639 0 0.0010416666666666667 0 0.002109704641350211
401 tiny  0 0.0011547344110854503 0 0.0010309278350515464 1 0.003125 0 0.002109704641350211
402 title  0 0.0011547344110854503 0 0.0010309278350515464 1 0.003125 0 0.002109704641350211
403 todo  1 0.003464203233256351 0 0.0010309278350515464 0 0.0010416666666666667 0 0.002109704641350211
404 topics  0 0.0011547344110854503 1 0.003092783505154639 0 0.0010416666666666667 0 0.002109704641350211
405 tops  1 0.003464203233256351 0 0.0010309278350515464 0 0.0010416666666666667 0 0.002109704641350211
406 torrents  1 0.003464203233256351 0 0.0010309278350515464 0 0.0010416666666666667 0 0.002109704641350211
407 toyota  1 0.003464203233256351 0 0.0010309278350515464 0 0.0010416666666666667 0 0.002109704641350211
408 track  0 0.0011547344110854503 0 0.0010309278350515464 1 0.003125 0 0.002109704641350211
409 tracking  0 0.0011547344110854503 0 0.0010309278350515464 1 0.003125 0 0.002109704641350211
410 trading  1 0.003464203233256351 0 0.0010309278350515464 0 0.0010416666666666667 0 0.002109704641350211
411 travel  0 0.0011547344110854503 1 0.003092783505154639 0 0.0010416666666666667 0 0.002109704641350211
412 turn  0 0.0011547344110854503 1 0.003092783505154639 0 0.0010416666666666667 0 0.002109704641350211
413 tx  1 0.003464203233256351 0 0.0010309278350515464 0 0.0010416666666666667 0 0.002109704641350211
414 understand  0 0.0011547344110854503 0 0.0010309278350515464 1 0.003125 0 0.002109704641350211
415 unknown  0 0.0011547344110854503 0 0.0010309278350515464 1 0.003125 0 0.002109704641350211
416 unlimited  0 0.0011547344110854503 1 0.003092783505154639 0 0.0010416666666666667 0 0.002109704641350211
417 url  1 0.003464203233256351 0 0.0010309278350515464 0 0.0010416666666666667 0 0.002109704641350211
418 usage  1 0.003464203233256351 0 0.0010309278350515464 0 0.0010416666666666667 0 0.002109704641350211
419 use  0 0.0011547344110854503 1 0.003092783505154639 3 0.007291666666666667 0 0.002109704641350211
420 used  0 0.0011547344110854503 0 0.0010309278350515464 1 0.003125 0 0.002109704641350211
421 users  0 0.0011547344110854503 0 0.0010309278350515464 1 0.003125 0 0.002109704641350211
422 using  1 0.003464203233256351 2 0.005154639175257732 0 0.0010416666666666667 0 0.002109704641350211
423 v.  1 0.003464203233256351 0 0.0010309278350515464 0 0.0010416666666666667 0 0.002109704641350211
424 vector  1 0.003464203233256351 0 0.0010309278350515464 0 0.0010416666666666667 0 0.002109704641350211
425 vehicle  1 0.003464203233256351 0 0.0010309278350515464 0 0.0010416666666666667 0 0.002109704641350211
426 version  1 0.003464203233256351 0 0.0010309278350515464 0 0.0010416666666666667 0 0.002109704641350211
427 virtualbox  0 0.0011547344110854503 1 0.003092783505154639 0 0.0010416666666666667 0 0.002109704641350211
428 vs.  0 0.0011547344110854503 1 0.003092783505154639 1 0.003125 0 0.002109704641350211
429 vue.js  1 0.003464203233256351 0 0.0010309278350515464 0 0.0010416666666666667 0 0.002109704641350211
430 vulnerabilities  0 0.0011547344110854503 0 0.0010309278350515464 1 0.003125 0 0.002109704641350211
431 wants  1 0.003464203233256351 0 0.0010309278350515464 0 0.0010416666666666667 0 0.002109704641350211
432 war  1 0.003464203233256351 0 0.0010309278350515464 0 0.0010416666666666667 0 0.002109704641350211
433 warehousing  1 0.003464203233256351 0 0.0010309278350515464 0 0.0010416666666666667 0 0.002109704641350211
434 web  1 0.003464203233256351 1 0.003092783505154639 0 0.0010416666666666667 0 0.002109704641350211
435 webhooks  0 0.0011547344110854503 1 0.003092783505154639 0 0.0010416666666666667 0 0.002109704641350211
436 website  0 0.0011547344110854503 1 0.003092783505154639 0 0.0010416666666666667 0 0.002109704641350211
437 week  0 0.0011547344110854503 0 0.0010309278350515464 1 0.003125 0 0.002109704641350211
438 wheel  1 0.003464203233256351 0 0.0010309278350515464 0 0.0010416666666666667 0 0.002109704641350211
439 whitecollar  0 0.0011547344110854503 0 0.0010309278350515464 1 0.003125 0 0.002109704641350211
440 whois  0 0.0011547344110854503 0 0.0010309278350515464 1 0.003125 0 0.002109704641350211
441 winning  1 0.003464203233256351 0 0.0010309278350515464 0 0.0010416666666666667 0 0.002109704641350211
442 wire  0 0.0011547344110854503 1 0.003092783505154639 0 0.0010416666666666667 0 0.002109704641350211
443 without  1 0.003464203233256351 1 0.003092783505154639 0 0.0010416666666666667 0 0.002109704641350211
444 work  0 0.0011547344110854503 0 0.0010309278350515464 1 0.003125 0 0.002109704641350211
445 workflow  0 0.0011547344110854503 0 0.0010309278350515464 1 0.003125 0 0.002109704641350211
446 working  0 0.0011547344110854503 0 0.0010309278350515464 1 0.003125 0 0.002109704641350211
447 workout  0 0.0011547344110854503 1 0.003092783505154639 0 0.0010416666666666667 0 0.002109704641350211
448 workstations  0 0.0011547344110854503 0 0.0010309278350515464 1 0.003125 0 0.002109704641350211
449 world  1 0.003464203233256351 0 0.0010309278350515464 0 0.0010416666666666667 0 0.002109704641350211
450 writing  0 0.0011547344110854503 0 0.0010309278350515464 1 0.003125 0 0.002109704641350211
451 xmpp  0 0.0011547344110854503 1 0.003092783505154639 0 0.0010416666666666667 0 0.002109704641350211
452 yet  1 0.003464203233256351 0 0.0010309278350515464 0 0.0010416666666666667 0 0.002109704641350211
453 yr  0 0.0011547344110854503 0 0.0010309278350515464 1 0.003125 0 0.002109704641350211
454 yummy  0 0.0011547344110854503 1 0.003092783505154639 0 0.0010416666666666667 0 0.002109704641350211
455 –  3 0.008083140877598153 12 0.02577319587628866 1 0.003125 0 0.002109704641350211
456 ’  2 0.005773672055427252 0 0.0010309278350515464 0 0.0010416666666666667 0 0.002109704641350211
457 “  0 0.0011547344110854503 0 0.0010309278350515464 1 0.003125 0 0.002109704641350211
458 ”  0 0.0011547344110854503 0 0.0010309278350515464 1 0.003125 0 0.002109704641350211
